commit_id,label_RSZZ
4dc42506f0714ebb74705347eb15c8cc79d26bb1,0
f3581af64b6ff6579836f647a0d4dc50c61a0c85,0
5de45275dfcf5af434a22ec0db4dbeffa217cccb,0
133ebc54906c93775fe0428316e30b2aa370495a,0
cb06005bd3d03426f26dc703c07106645058907c,0
6fd7cd6a8be65267e16b59f50cccf0d6469373f1,0
404b5256287159bed6c769b96ef7e153d5bf0238,0
a2ade8a0c934db23d670dc5bb26a1b92e1a52b2f,0
721ae11fc6c52bed2fe315c9c0e32834c2182be8,0
2f09ba7d371c246d2f45ddbaefaeb58ba467fde5,0
2cbb7f8c1f9ebb080d3b0fd908112b7fff1fcc5c,0
b4b6d0c8f730b09251c1550d787b2213240ed7f6,0
373d90baf78ef2075f47e109894b6f32ddf8d6b7,0
0b9d5dc6f6fff4f0f692c3a1b79a0f27f1ebc943,0
3ba800e1d314cd011421872748f02ef8a32cf6e3,0
fc11ea9fccc50626c7b4ffe95ef8a8582db60adf,0
cfcd7fae0637324cc0b7a88b28f0fa5d43cc2914,0
d7962c808b9ada721faaf1cedf8899e167d446ee,0
9f428113fb59ace65e11c9872d16d9644bcda143,0
619bfff21e5eaf10f1c613d437d8375fcf22c644,0
161e1885ebb465037cf9cb7e0f492e9e4d972726,0
ccbf2c98bbaa9f5823310fef55a6a74c23aaa897,0
201973ae7fdf576b767a7fc0bdab6d366b642155,0
eaee281bc5fafbfed54de52f08d6b2656d9d6b5c,0
1a0292ad893793ad903d5de9b0eb02cfcd23b93d,0
519c3ba4bfd572d84af407ac4674ed1a6686b622,0
e07dfa617c74553077e52065901c54a7f0976b36,0
5a28bc4f4ca9157a6e0cbbd647c687af8682d0f9,0
b41a4641415b56f9774cfd34bfc23aa17fbd7d39,0
b608cb524f29d7f3fc45a7bb13efeb77d72aec24,0
21722b1eb43fb98f466abfb8b1d7e1790763ca8c,0
8cd7a4fcdd82f10cbf12cf21deffe6088a189a9d,0
aeacecfc58c70237f12502f7cc0cccfa7276e067,0
01c4d5da88a7ceb07a0fa36f3a580f399fd0e2ca,0
d0e24e9c71f92476d2a9a592bebae819718471a3,0
29558d4a56e5f34aa23e1a6232c67c0543c2015d,0
51fc16d52a661f9f0006fb1429b3243c4f48c08e,0
339edc48f3d5060d7481e4fb002124b322ac8444,0
9b34c958120b723e82703c25a8a28ec33c28fa32,0
67b621653b4bd0c717d57a866187fcc7e15a4590,0
961e6b11a546eccd99fe3e7897a6ae7312ee5a1d,0
c07cb7df348dba39ec0e15878c98e31301b408dc,0
0632d5e989a040af8cef7ef42a573b65cb1a51f7,0
a454ce8df90b4481f2f82b99d8d6534ab2f86747,0
8b42ad531269da38e45c202dde69371802fc48bd,0
813e1ccf7e1abb07439fa09abcdcedc56170b338,0
d8fe141d63f4d72d77d5e4e46a38eea484504377,0
5b727e4e755dc6ba17128493f2669a0b97e9d5b4,0
57fbed02480b76484f49367dccf614192da57c94,0
1cf22d17936637203a4901c40f7716a13513b14f,0
8c61255246840779ce621b198b04c15728f2cc12,0
ee9bf324a939c9c775a7b64c023b2f14707b6327,0
f38422b29ec808f5d14cfc818ae568f77bd1eba9,0
d7c8a77c8313139e6c7c662666009ab486931dfd,0
56cb05a7cb12f7bb924bf6a6eac9505c01b01ec9,0
e59a82cdc32cb0d277b1b2f7eea137a2f5399f6c,0
d17f3928f0af51d9b5b0a6018f5aab4bf31ba208,0
464c6af39e82b2de187ecb1bcddeadb5efd20e24,0
3490e392cabdb2936b1b3552e62cd56177762474,0
ef15af25b0a18afedef6a1a4c23c4f65df5c7f57,0
e0015ac10faa1e968b733024e7147b811c3a712c,0
7a9f39d229cd4ea5587de8ab3e0fdbdf8d03188f,0
d2562c67ca349c2d616fb24c13e95e70eefaa541,0
b469ff3b8b91b1934b05f14f7f8b12e04ffd3efd,0
111497271c8502324d67fae327e3e797545061b0,0
b27511baf789e9dedf3d969d006af0e7480e9445,0
20759341c5a338f13533a8071a13f5d6dd7da9b1,0
23a29e942f822aaa137097a4f8613f18dad9658d,0
4098f0c201e161ba3904063e057e6c5810def045,0
c2448fd682324313336a7d4c6adff5fd44e92367,0
2d8a90bed63139cc9d2b4489f90c62960815eeb0,0
39e57f65030ca1bbf580cddcd66a0ffb76bd1650,0
774b017f35dc88baa510002bac3023c4c5c66fdc,0
01ee820099354096dac528fb88276fa621a2ac1d,0
33a415e3293febb8fb8a6476a1fdd74b1e7f3e13,0
dad61af56e8bc2ecd43fd845b50556e72fc832c8,0
ee11326c8c74049d87a27f3ccc75a0167934478c,0
65a8fd4a569858989d475892daec0c65af163608,0
7fe8b61be1df7ce141f8c63d9c78338bfa57788b,0
5c228cc5b518b223caf792900df664b14c03da30,0
bc2f6a44faa4cb8dd7d865c6085cf17303b24190,0
f9ea534349262fee7557fb91941c8a4f94ba0b9a,0
e600cdd87009354ee32f589cf070007cc58af0e5,0
942c7145ae8502eadc5f51af495a60f00e13eac4,0
0432152244a05c4b6447262aa70e75ef1df299d1,0
61b5f35e278d79861f15eb75f33dd8518184495b,0
d01e174d908ad640b4176a28f39e40fd08043386,0
4f0ad7ec3e0824ea32b9c25cc8acc552142ff467,0
8a273a80d11f6deba80a3905ac36b64e4a0b906c,0
55dad58f10416c6fac5150830b7a91e7ce82232d,0
6001d18d428878fcfefa835dcc77a36107a9dcac,0
da392889f5e530a84470dfa618693bcea4afd2c3,0
4ceb3abb79a493cdb90d18e47d582e4c63d4e1bd,0
1705c4e60110f54b27100bd07f19c7f6b3f7689e,0
bb75ad54fbace0cc07fbe1f8a7f41864309432fd,0
e095d69655073309b33fabc382f8cbd1bef2fb83,0
1d544ac65a1c617e9fc8382f0958b04d68ed48e7,0
339b52501983569196a185f25ad327f36031cd99,0
007766c3041e762375d23669f0c1ea50a76bf7ef,0
dff72662052af44d536bdba5c2eae064273e16a1,0
823fae32ad89f25c7bc8f79ea7735da0ea013979,0
46149f592f559fbc9e5d162550761162aeb18cf0,0
82f1fc42bd1068343a825e9493732057194960bc,0
d851ec9797b73ff059a707a211c5b1d656a3ee0c,0
f5ce8cda5e79fc488e24e4a41a1ba9626e2cd9d7,0
0e4d0cda735f422ce2625b3139561d6d7dc9f480,0
96e3e00bbb5725ca160992c6defb2753015eb040,0
2b8b85b3a793c8e72e1efc5011c27e801822d91c,0
7d49f811fee2df4c163b49e6d426a05393ed1b32,0
a53c23f893bc014869a9e0ce3a22cd507f6e6bf4,0
68914096fa7b14780f050b436eb6be57b61c39dd,0
b78a0896cf79f947aecd69908c12b8bb384c6972,0
e066bd8751d0c40ab4db736bc334d5fa05ebd5ba,0
23273bb0ae4d18a88dafe7aa4fc4f8b44e8c8fed,0
84ab5c34ec5534771f99458fd4be433c883bd9bf,0
88399fc45f31fadbe4d9dbfa3df7884bd9e8a5f6,0
a3b04cbcf8a0e7347ff4e4684ad351487515cece,0
2deb0a9b7a79bfe41f8a6a8cff3c27c6f23e6cf4,0
6a75489693999240e13213b1ccbc29b423c89bae,0
ec803538b8a9c652c9748a819ba23ce58bd82ca2,0
9f47c9ca4fb462be8e86a80afcec80938648db93,0
0285587b1e767e91c0a7a4f7e9e40f2a747bd845,0
7f1bae0a98d00152ca1dc07ec1b9f9292da30a3c,0
9b6e25b875df01a987222cf319589582f748318e,0
da69afcb90fdf34c14bf7901ec06065e7f8330c3,0
6cddb3cb1d851319e14b3e32d9b458ca6da1bc5b,0
f46670570921f96334aaff2e56b90c39016bc610,0
0eef0781a5ae4ceb686847d9cd5c2ac3ae29a1b3,0
031d2dd0523b0738b599cbaaf7325c6682a07eee,0
a355364314898b3690c7fdcef22493568ea86bd6,0
1cfcfc9bc8564584c2d300dc78262ef6fa174cfe,0
3032e81c2cdecd45d1b402f2dbe4348a3a0cef26,0
f6845ee8527e533ce6d6618e2557f0405e5f0b8e,0
ff3eadba317605f6ea504919921f136d10af8b75,0
a82f8f1a2f3e661d7f2efe16ab229674f34704d6,0
1bbf0dabc7023e22e2490136e2be8d4110f71868,0
b69d9e5a761097f6f2f29acf895e8016443860f5,0
717fb2484d9f2a92d772ee70b2560194e388e758,0
d5cf1a30ed828447ce811ab00c2a1d751c8f420f,0
029358df6f0e971ed24f8f6361aa1dc9df18d5e9,0
412c24fc38c4aa387e1618dd3275a7ce17272e5a,0
b21a7e154edea16f225a7781799624ed856cab96,0
0996a3e2821f374c2bdb81acb49ddeecb6d51ea8,0
3b484607906f11b53be8a107b00b9cc031e56674,0
98727794facdac8a9fc046204f237d3bf5cf56a0,0
4e755633d93d911f692c54b3f88f1a0dc2df4419,0
9813be31ed2e189f56b9ef8d5fa8670d34426f2b,0
17e2e40dcd7b117bba0fff9d6056f158e0f48023,0
1b4e82c54e3e5a207a140299f7186ad88ae2f592,0
66c0d2e51626c2eccc10d745a0321d91a66b985e,0
984366bda96f698702c554472939328986b29231,0
82022a49227a6704aaf3bb52ebd62e66a5f54098,0
6e155cd1f0ab02c0db567907f46cceecdf91aef4,0
115d0cd2d232f1974dc4c4f6806a74e8e67c5a27,0
b5f6cbabd9a77546a02da77e836958e16b8326ee,0
e6a7513683b754250a7bc779aefa206b0197ac86,0
6fc35e587f5824e6fbf355fda9244b5c02361723,0
91ef71525d6e0616380396979d698ef5f7cb4b66,0
d0b0f66c8b17911e2e09b2e204506abe9874e50e,0
98fb984096ee4e99cdda407de75c752b9896521a,0
e1c1dac0cab1e9df5b17bcd9b709695cca8c6088,0
c5782281dee73e3e20538908ae3db5965b769494,0
ddc6cab32f02196dfd908fe78852582a5b83600e,0
d5b2aa7d99accb8bce5258cea86a7b989c2ffa24,0
61e58cff1d75d6ddb1e2958b8ba0b78ae6f347b0,0
787ecc577b408e6150e096d3708a75f62c3acdbc,0
cd8bbdd0ef3181926c507d0afe046a59ca582ebf,0
f08083fda103fae111848d23f873c8ad61819b8b,0
ff6de5f110f387caff4b1045a87f382d995b0ee2,0
72bc801ec1c73c5e2d23d5360d3400408420a3b7,0
7d8b7c3bcb8773250fccb04d15189be10447a481,0
2529468667858711e5327af4339b3ad765265b1d,0
fd569a5af37868a128a161587afc44f89bbd8d4d,0
4264a548509cb44ea35910eb6182b8837695d98c,0
e7dae8d45939523c0a60077f8bc7a8bfb279b39f,0
bfd051b40d1f6230ec8f230fa24dfeac5de4b859,0
2aa372f93f8c136cddbf01f19affda6f5b6a1fa9,0
d28ff9f1cbd45a5a4b35d7a2b7e79bb30263da5d,0
5958f4637bbcba175cb9edcae92eedc151dcd404,0
a215b29df67ad85c096899b072d812bbe1b012ac,0
b9c117954f1c87bb9cf295f3d4452562cd79f909,0
652fbb024189195b1edfaf2cb583d4f64c747e15,0
49ec507e0fbb4c32d4a271c5bf10b557935fe8af,0
d136077b0a979c1929408db9d65ace77e6762616,0
a426e30e7a15bbb22fa46be25be2f7f2f074e4c7,0
09d6f80f52ee233284861f10134f092836ae2022,0
393041977337737ada243e430b97e5f532075e08,0
3dfbb3ccf854e55fe8d5719b8a191c3a944162d0,0
f2b9e2520a587ae121edf4b8596bb456da53a030,0
61e597d07767f79e5e7d233c0172cda2daf1968c,0
fc7e60297009b054aa5c797d59a8abdc392ecf8d,0
86464fd0add9cff63c61e5f781c8c7a7b688a313,0
d25e561fc0278b405029cd45bb0a5e7c81965f48,0
96842a039634cc4fc29e07e1dca1a8a54935e0ae,0
0a1211ea07f8e5db215291693fa8c4033bb7793c,0
9ea53cb9d6b19969a9c698202785a10520775fbe,0
359d3da3f4eafb7935025f877a38232dc50ca899,0
322ec8eec25bc04085fee401eb6dba01bc41dddb,0
eafeda9603ff1b8727dead728bb509b0e1ff6af0,0
8f6d35c63f74df8923f194753810af02cb1629d9,0
da365e881244bd85a1ca97c739b56c1b18ecfba4,0
07561a3aa34e77e2cf66102176357c17645e6e67,0
621b96346aad4d5829139db8924bdaa2f67af490,0
ad157e0b2877d216e5a4ca7acdf51488171f7d16,0
8b41ddbf2f8f3be8c074cd6b1e40b2cda757ff24,0
fb770c3ff4a8e0f885a61c63c889c1095fc5334e,0
8a72fcea8fbf06705e52eb69b4e922dbcfc4cb61,0
6f0ab3fd873ed598781ba151a90a2f90fa6b1826,0
358d9d535670a3b2a5e05b882f46fd5b72ce3113,0
c56a5f5a504618bd64b6c5bddcdb47e75002c0e1,0
d034b9a19ecbbaac8d05ded0691a95b7674d8209,0
333426cdfa5ff270d274f28a0f929969a53ae72e,0
f70ba2359eb9d2185ef4385d21898d0195cbfe76,0
740a8e8fd58a9f314e79f06da5b4ba5617641d4d,0
e8f98eaf749c02b6a3adf78c4edc466f61678ab0,0
19ea7b0ddc415e6190c8104d4bd77db27f02389d,0
17b4a79c6fe8fcd1c06ade9f82a855c05ea1b181,0
1eb65557b892257f2b001076a611a9de9fe64121,0
fa3fe263b679d121dd1e5aa2c225803377c2eee4,0
af237d536d37d6c01a0c26986798c27aa2b5bdb7,0
056cb759fe6a5337e0c920eb93999b3671a21929,0
d1925911dbfc8934ed62c0592bf4a138b4bf61c4,0
09e3bb6eed668df63f65bfb5b823f032dec67c92,0
673b9c255e335082b3d3e09c3230ed50abef298f,0
e3be49c25112a603f12febcf68bfe31a0e4181aa,0
4016cbacb0beb09d45868d73dd1db36e265e7cb0,0
a78638999c18ae857e087f1d6bdbeb931763df03,0
efaa6753cb9f3cd9c4e9b2f2ed040e0d647863ed,0
bd7385532d6c354b8d74769e6fb38d6536d4fb0e,0
6b8601139c7c86594eb546bf00eb1651ecd5372a,0
cc673088916af548fef8758fe283b99c525c4608,0
383d0b38f36fcd9e1c1a361ce0d54cab23f41f20,0
fa0d917d5e05d63394312ec11947a181056a24da,0
9775521ad39d163b02a15be14f7a6ef4ad65ca8d,0
c1cc5ca960b3320e5c3c8b637b5d7457bb89cbb9,0
8318fed4c97eb2c862606ff07c2f640acdfed40a,0
2c118db70b8f2e1d709a75220e87bfa5c51369ad,0
4c3d31eefee57a281eb9119a9a1eed44912cf6cf,0
e7fc65ab3819e0b56026e364cf2ea54e1f06b387,0
3062cc1a39c6a1797a0bd0e6028c6145ddfa24c5,0
e75278ab9e0ade80c434da4ad2f7042cc46d5f2f,0
3c9f12b7de324a6e96cb4699d4f6f8523d0a34c2,0
5a3b88af05a5f78b4f644d8dc6917830014a5257,0
9b359eba1ade4e4ba6adc2b98a99ee029e8995d6,0
6d9da924261ca96ea7cb28db7418dddcc5dd4ee6,0
a0f73b016a2d0a790db6cf99d71366887b4e4856,0
adf7aa9aca872dba6e9c831bcce07a7128d4d4b0,0
ba9976474a7b5395ece72adb4f90ee76362f7a3d,0
f0d0319d7dd290e868ccf686ffacdc6701a7374b,0
b1d8af4e46506abb655351aea3a14c3f77aea1b8,0
8e33aa9a4fd0b83dab301a50a60e701d61ceff80,0
fe47ee618b68a76eb693ccc9efbeb0aed65de5ad,0
0c7db827bba0e62bf7519a5141a1d9292e710a2a,0
af20981bee63e0f631641e945141e86efefe51b6,0
cf9394087c7ee34b1bb5525c3ee0a34b3a59f0ce,0
9e989f8d08288fdb6683431ff4f8a03a0f0dd009,0
2747da8d0ff7d3aa971369543239160f7d723da9,0
dd0830c68a852f7988d659464fd6eacac6e04bdf,0
a3e7627ffd1e633e93b45749650c5a6262da8e6c,0
12165bb85d0310822ab9d6460a7908a9188c3270,0
fe87fdbff62c46b038438ba5eb72b71ca13aa6a9,0
7441b57a131cc1944eaa7af1e197abdf0e79536d,0
2eab32b031c92b892603dea2ef52e6a80e707352,0
21a35f73c46a4a5c0345445c5470d322568725ae,0
9b17ffe6e70c65505864d754e29ef1bd83b394c8,0
93b867ad976619c7fc4593c82204cc422d370265,0
6778de804390a95e7e788717b2cfbdf2c381e0ff,0
544bf6e250e03b5e93aca5bc2cc8dea5c49269eb,0
5608a7530af7063192184eac5514513fa31eca39,0
b5a5db8b92ff80d8d31bddb187b882132e801858,0
4205ef1683d896dc637ec0373d508b2ca36efd2a,0
d1d2f96308bf0ced1d8c942380e0ea8ca1af7db0,0
907e8efde928af77be0396e854b45eeb2201c898,0
94b1d6dd004d63b77188bc9b1782feb61c902110,0
30bb0cec27641e9eb485097c875bec362c995311,0
a370b710dccb40329fb53720b7fcb0e661167820,0
5052eba64c7ffc7845682b8ecaa6f9c92b0df415,0
6ccf6926990007a1ff7e1ddc8c07122dcdad6394,0
3fa41479925c15711eac1f4b2c0051dbb5aed317,0
12c341513e241b539a62fd7af94671fb07feb959,0
a713942019279650bd119adb0a471bdb8ca71892,0
7b88c23ffb93d63648ed924816278d686420611f,0
87dd97aa99f0f9b56ace1450c8a3488c77a42afd,0
f4eb9b2786bcc835dd0e3cfcc4a96e577999d244,0
3c45add9fd8a54d1b1b4c60c6881fc41f62756ce,0
cc182236b8b0ebf37ec581f57247d29ae00841b9,0
b19c1445adc55bef6033206eecda4ba613df4021,0
b108b9acb5a6ad4bdbb1341811c6c401bac2aeb5,0
ad70cccc48d930d71f6c180e3d953ff323b6772f,0
43ff9695d7bb4ca8d7ac2284d209e0bfd84b61a3,0
20a68a30dd8210a3c67e3a882245dde28092fe06,0
a75528451e01eb416c9ac2792698736b7889319c,0
c95dcc417f8e7e258d3c163931e1c045ca00987a,0
e6deb272ed8d29c015d14fec86c1f05e4ccdde66,0
77d7d1ea7d2b458764df2368e1fcd2ff23ad2163,0
9c2383e05eac00a66bd7800f80efd69c00254aaa,0
70501e9b9380f6879c7d4fe463cd4b5844958e68,0
2e744c30b5f2c322a2a81ac10c4f236fe891dec0,0
cf4cd77c77f01af775399ee45a15e9fa8e1e4340,0
f693a824274819e52806843bcb5197a6d6971eaf,0
8bcdac54d297644707221e8e9b9eb4def21560df,0
9d276ce229306636903f47e3ef4ad46485ed7496,0
0db1a232f99570b2091c1968452d5000d84f231b,0
b73cd036bb24cf9935a6f72db6aa817b56a8fb3e,0
c61dce5f4a2b3b1f4e394d29ad303a2c6af95177,0
2a2854214b0446773f4f41d6ce1a375c51981b03,0
ea1f8475bfa68f91ffd986b874a8442785d78262,0
88c16acb1d488d42e72e7d080b67547b1c630e71,0
232760c0c55cab28aa9f8fc9d2ab6ffe76860151,0
f1005ee2c12573e709114eb0fcd95abad85a39f0,0
bd5c4fc9f7c5bad1754561c7c30a72ca2ad709a9,0
55aa9a88e7ce407f003e857a6bf176aa4b65204a,0
4ad461a0d4f952ba9569fc187b463db01273d0d4,0
36a4f2c29a6679204e29c999c75a7dcb8926482b,0
97b27f878db2bbbb0ab7a27a4378f242290085dd,0
53d380ea70acb5fc757e29b6237051b154fa98db,0
c46a0afdeed48529d013a1d57e7138bc1e7dcfa3,0
776c8ca6a330a56f70af1d0d3e89ea5f4cae263e,0
345bf407ceecfd19fc167896a7fec0f43b3ae56f,0
f6e65e06580757ce1d801bf3a03d8c14520c665d,0
b360959ec01819cd39304d00bf79df5be420cc90,0
f3c4bb8215e63d61035d2ba9a2ee313807eb4b8b,0
7c27355d86f7dc5a4a548658745b85c9f0d5b99f,0
b0ba0a471e86d831c8ef47efd3de3cf5b2611a32,0
38150220b7a39d324a5e08e96c1bf1afe480a630,0
76cceb891005ab3e20eed421c4dc7fc2a729fb86,0
6cf0465da8928c1cdc9fa4be01165974cda5b170,0
0198eadc07d977f486cc2be0e38bfbe24f1e5485,0
bd3ddd3fcd54eb4620db9ff43b97149b3d193d1e,0
3938468219f5eb57e499837ab9c82e9430db73d3,0
401b9626de8d90e1b000f830d3c0f92d7b6d8d58,0
cd211367552672520b0dac1bae8fcf5f208c267a,0
11b02133c213e79029779876d14980219e36f8ae,0
fc430f017a0f12edafe4a20752ea131971c603a0,0
4c96d36f8df3914adb9b1b8d60d42ecb618a6a65,0
565f3e8fd55bb0ebb2eddeb1d871061ae7c762ff,0
e316c97732d3effe456608b3c8fc701df401fbcd,0
e3d660c868be02477264851cdfb9abb27c005e7a,0
92147a42a2c0972bc3494116c9736e50cb1d955b,0
a9cd9609f23d5b1a3a9c70c47a85e02682b1adbc,0
e937daf184f838fce515d4673ee8e25431d283bd,0
8ac05f6ebb680b71d52dd46352622e4c14409bb9,0
0290614da63ac0b6983ad18005d07b597f6db25d,0
a94909f61ce6f450f367e33cf4e996b97714cab1,0
0f072cd36142b6c718cf00e3bdb8678260a4cccc,0
b7ce69d54939266ed47a9c481730a3fc39dc3220,0
4c9a0660a0d29bc7e9891f24be86f9539f42e419,0
43b096400e1e4989a9dd41bf4803d5651dd222a7,0
63924bfb1edb11f9f5d51b98a3f093efec7bbd53,0
b1d98fed4c1c3a4e76949a05e6c67a8f73dc6e6b,0
caf26938f9755d20924d1a55cb0238de1d8c45b2,0
ddc5c6538ce49ac822c7ba7d6ae8ba626cdfa63b,0
4639fe6fbcd4390e6bda8946ef1c16f40355febd,0
7990326a95c2a763b67f82159daf18fb5ceff765,0
6cb20942488e7c8c0470c91de7d9fd4944be432b,0
aad39747109a77bf4fb078a3a68f9ef3cb3975f5,0
12f10a0b56080acafe0c00c58d9bd10b595704b3,0
f389485693a508dbd3959b4ff47751bc22476b5d,0
7ddefd4538410ac3a4223175273dbc6dc0fc7a91,0
8d89c72740dcff283d6d64fea0cb998187da8ee5,0
e448e81d3cf8132d9dcca3b7013e8b92d8233689,0
e96f9612343ff18168fbb90ccce0ee6f2de4947c,0
12335c7af4169a6122c1f65733064334037dd271,0
8227497c6c327cd75de5e9384492d542fb939592,0
1a7683cf570fa82d5370097ea5f99e17411510f7,0
a505573d177caea44473961ff43751df3ee25f70,0
4f51c2b9f02884e41f4ca465c61cac78a982913d,0
fbceeefa7064b80fd72d40100ed31f9818d63ff3,0
ed9b928cb3326a42c4ed993d36250d8f0ac700e5,0
5486e31a04b6930949e59a4f48920a6c9fc666c1,0
f7877f7fccab8fb6d663320f7d078346ef7efa75,0
2689a316375ccdd9af4970304934104b7819f8be,0
919a7563c550ac598f3d5de28ed2ca3d5efaa297,0
463263f0e2006624a2c1f009912d973981e8ebc6,0
18ff4093e1a2feaf25f8f2e404c5bfbe873f37a2,0
b05c2913ad10dc09b2ff0648940b870404fd7910,0
acabb0e31461098d9f2c633adf88e5e9f978b3a0,0
1711cb123a7802a672625c4ae03a5996a145804f,0
72afe8a249052d403f49eed7f51984a9ef14c28f,0
57f72cdff05f6d3dce089099b9e79ee7f2eab4e3,0
d8db3107e1524a707e30cd1fd4ad6e9fe9f5e35d,0
56728bcf54e0d2bb7b66c7057aaa9fb0d7cf8a97,0
fd08884137f25dd9f837e678cb63ada52d5a630a,0
883e35db640744b5ff66b0e964cd2997583a05be,0
c0192e6f9a851546cc28f1caf9c13e2cf551795d,0
ca8996ee35c5c35fd862ff4398234736c6a5a22f,0
691676e1490b4e8e7e05d7c161e68487d43c9eb5,0
654f909c9bbb62e86de77bd2abc64a4a8b4b05dc,0
512d1c2154e915cceb1da76059a43ea984c0dee3,0
653103be0224339b0d0393bf12b1d8faaada0828,0
05b0f69fdce3027a61502ffdcc9cb2daed1a6f90,0
0fe3778788d6f6645812212e744c2ac795b4d1fd,0
22cc64359a42ed03de1276401d4364d6dfada46d,0
e359d16ad3ae3c52933a8891dc7b880905745948,0
10b15636b1131127aa063e4cec658e94a89c9d8d,0
2acb8119ab4f1907b1a869e2e46e139b130329a9,0
96a25b4c9e60bd29d3f1f39d0235938a58a92314,0
4279f96ed949c83d04f76f411967eca5cf608446,0
f28c2b5253eb5dc8990ef52517ce451a12d59765,0
234875e8ad2db7deb632de3634a8bcd1b76fb1ed,0
bdaad7ce4795ad5e64c09d00cf2e47face3b6144,0
2a88ad25833f81a4c0539e7208ed42465182020e,0
319400a5ab8a694dd8ebc6131ae3fd20c9db0edd,0
ba432ae72ee07319a547fc6635dab0851edbedfc,0
a3bfb79db204a647efc5fbeac492bfb9decb6828,0
8194e14d178e5f0fe474dfaeab4819773dcd4049,0
29cd9f5284b76675baa059714f8d4be98edd768e,0
4cbedac5ddeed4e11096e8d211362ab0d1d23d13,0
2e127777fbbf7ba0c08fd56dd1638bd0006f337f,0
445557a94dfe35a9fbaaa7e8870ccdca3be10a70,0
19d117d02f94c39d89aa17303958f0fb292dd99a,0
7877b203e307d56e308c0d43f61e1c96472ed4b8,0
7f234dcd185e061fdb90c4a3a99c26816e1134dd,0
315dce1ac6b81a1515da1aae36738a93674435e6,0
b9651691ca6d3d415f71a07d004af5060d738c37,0
407d30a7c204a2cdeb5b3c17cf3a0d6217910be3,0
d52f21d791b96bd015b3bfccdb6e3dd2c0441d83,0
34bf73a2f2ab5405ba3fb93a01979cf22d417eb1,0
2025386f3cc7b04445866873e1ca314f082fea83,0
b0c78c9ffaf9e746eb252fd52caea9f47edf578b,0
079c7bf042187fa01aa479926c0943bb1b3994aa,0
4c33306e0837c92738daf3a64d2680ef25042b4f,0
6724d69dd54a1a1d6e9490f330d404c45b2f8b8f,0
3361c7cce98a294bd0818edd0478256c6285bda1,0
10b1d9a8a031507658009ffd87a506a4ff22cd50,0
fd46772eac339510bd602ef7eea4e55f1faa19da,0
3e139c1693d9ccf15b124421f826dd604bf29b9b,0
9e786f6f2c73e746e717455f5b763b46fb0c3553,0
5ca625be7584cce1192a845fde83a084d4607ebd,0
5e3c2e33c68ab757a3a6c5dba3159ef419fee958,0
7c46652f8ba7dbfe990e75dc1c0b995b49a7b814,0
87581b99d3e45d8bcb77aeabc2f1881356203120,0
8bf6b309c242001bcb0c0c9d2d2857db4bf3b05a,0
59dc1a273c3d562ffe69f1243d6619d6b6171288,0
e96c6972a59a923a99fdca983d5f62bc59780f35,0
cac97aa9b1936c4cec7ba0ab8ad83183c2ca3966,0
2f79ae35f1ee3c4d8061ee461c972a1bba022e3b,0
fbbabe46dd70893151a33337fd9a32b9ac26d6af,0
cba8b0d53e754b6bb7295af1918253a28fbfbf83,0
86b870d455bf9bc8fa0d522ca9396cf599611d2e,0
22764b13ef7d697bd482a5726565e5d3c8b82dab,0
7bcf9395f9cc53b9976ff3fe543348ffb364b28b,0
8bb55004a4a00c2bd58d234aa88680f06fc26233,0
e4d12dd763d1fa452c62b10a56c6b45b34f1c399,0
2afb43acacc47921ab72bff380228dad25b6310b,0
63e9b1f12e240df263fece60258d0bb6bee4e6ae,0
4f5649e8f89396b18a20f9a70991cd7060b869a0,0
f8cf66420b73983a7c9729713cd2ff1f9622e0f8,0
3bb5cffe6d05456913326efbb6e7b056c03bc45c,0
768d48d95dd6ef202acc8f0900d0f2582c6204c4,0
7702e3219c46a816221f952bedd31626ad1007b0,0
d54a3deaa37f59af92284da17810cfc98f06471b,0
6fe060570e4cf31575ee39b96edfe533b4823794,0
223d0f1e240f080ee7c68455abfd983d6ba90e80,0
18465484e2d96294194c4476e2c4a6f8126758e4,0
3f26c26b8e51410f95920c2417728007ee0a6a20,0
f0bbd7191a2d98768630db929f5d36331095401f,0
c8d4a8f6270f7714a0cac0a5ea82c7a39bbd5940,0
b728fbbe203fc05ba031c230a13a34ce2ad314f6,0
a4912a8b96c0fe23ca5de91bba9744134f84777c,0
a6a231b8be13d6244ffb1b877895b00c68f83684,0
a2114b76f1908acf2ce831711776f31e4ef88240,0
30327416cb186ebd2cc08f3c7021f19cefa82e2e,0
3faf04fbac7fc9897cfca031acd2f5396618c5ea,0
35524402bcd43697f0949e1234532c2a729610ac,0
307c58ea0b43ad93fbc69b115cb4000851112ab9,0
dd2887f24b46e27e7a1a243e117fa8374cf86ba6,0
d33cb65617f6772e370873c8d9e8af9a0787abb2,0
4646e0f2c475717b025b9c4b8dac6be5e7f3cdb5,0
0a8080e7a3f59890b05b9bba3dd6ca54c104c9b8,0
cdee541e704d7b468c5a15f340ca90d8f4061525,0
e6c1c3e875a4913577245751c4814177cea758b3,0
b28446c8c3ab330d5f6703581fb303056c9a86f7,0
9f1737e51159528264dc68b0063a06638e66a182,0
84a8a4117adc724a9aa50ddd6a63d34ffdce574c,0
6369ba01fc8982f0b5b7d0f28f61fce044cfbc4e,0
0e42708e4daff38c0ad4947545f9aa2782af80f0,0
8b9f4aaeab00647c64f3a17801c6dac732d7eaf8,0
6babeffaf71e62c1b381f05b66857944b7981cd7,0
409880e0ece6964463082d4ec7ed63f7bea3c0b0,0
5334e665f65c883fde259763821264faa09ef386,0
3cfbef99887aa60d5b1caf901848bdc4410c6e0b,0
745fded8b93a6d2d3f427db901341f6ff3f456fb,0
66094913b9dece002e226f185f0573c6b69ce9d5,0
d38296e0fb0e8701924d76f452cead8e2def093b,0
59505628aa76e05990c1d1558e09d2d025283deb,0
c41fd2daa921d506969acc0e70869f9b985e4701,0
aa4509466f4f3fc9fe328da0b0f5d30e32cfcf1a,0
456e8b0e67716b4e63c6d3b4b23ae32a6cf06a10,0
44a808fb7037846fad4e73409286d0322027cebb,0
d0fd7ba2b29a17ec672dbf105ff30606858a5b0b,0
3a2badb4d69f4c51c5e6461ce4f5a21fc0c9e953,0
671a7468470b9f49fefa38c1bcfc48f5fe3aa620,0
afba45a42a8de3bbd7f959efe04f0a24fc4eceb9,0
1d8017b4d50bdd8acd902bc654b0add0f45f9e92,0
88c66595a7f2d5ffcc7a33eeee3c877fe6c53786,0
511e1c3aad03e5dee184eb52dbae66921d2a6395,0
639ef510396ed23299830e0c3cef7b23374b5087,0
27f2afb47c8875e7f9507810d74d197bb7a92d66,0
9d226811249decb4f5957b61fe6cdf3190595dfc,0
995ca2c8309fafad2b1656ec365ec2222c15ae17,0
1b819357972f5a0bbe26d81a469818c068da850f,0
dcaa6a64e628d09ba714d0ff722cdd2ef1ebc669,0
7841a0409ee6a01d9303c99ae44ddbb18ce8664e,0
4e1ec02731eb79ce20646cbb83961b1923b34cd5,0
4e6b3d9df6c0f3608b957adc0f4101afadcd3c3c,0
e81e0da8b0ab4c54fa1e6ae98be889cb59b4b225,0
f0fffb365986e41e8cce39d6c7ce46042e1384e3,0
807598700dc078aa16b290cc9a9f20efc81ab72d,0
6a2d069da7e98c2e6b30424c3c236c4d8ec924c4,0
c5fc6d33cd7420b805caedc986ad12b99485fb7d,0
fdc68380f24f57667044a84ca165324deefa9231,0
c59f8020a52d84827d9a4720cad790523113f983,0
67152e584167b4bcc7d8ee7daebbdb4ce266953f,0
d14e6ffac71ce8c1d5c38420a7413967cc699a55,0
0fc3cd42c1fb7b5d27eedd0954f233580d2bb0a6,0
cab0a1429a75c9badd2e83ba47f819edc2e54cb7,0
1ebf4a304de3d09cc4e5baaeafe03195c0b7abb8,0
8ec07fdf25c5fbf54b4858f8d7ceed2eb0dab79e,0
a6f973d55a6608bede846b7b17a717af192ab4b0,0
9b778d3e1c1a18dce53a2ed93c057d19b6fd9b19,0
3bda25c8ab920a37e4ea9c8e57e5f59550a7561f,0
f6b7858e2c9109c9000a03db13e627005c480e72,0
825f0651a8686fa6d48e9501115c9e4a947d95bf,0
94e291625fc0e5764b95ccb2ce7823124d533446,0
d898cb5195c3d7210d627cd067961914ece78146,0
f98a7ebb86e84edb31c5e032bb3affbfbe32d15c,0
30847bfd3dbb6c877aaf797461f72457d30ce610,0
f03c6670de3cf37ac8e5e67b76676ea4e53ffe70,0
efe43a3b246928c840164c383d83d879ab9011a0,0
986a1fba7e43e3f3ff748c1e467a9cb35e9a756f,0
26c119385936e9d175599ce4cb329e89b290e14f,0
67f0420762abe18c15922c4b439eaa4b32aa04b9,0
2faa4df5fc7256a9bafd88385fb92505247ab0c5,0
df4777ee42862657c5371ac58b5d058cfb5c5756,0
1bac594215cbaff05203020517e4bac6ac90a847,0
2dccc0930309c94e2403e46e463ff665ab03d448,0
a8bc1ccfcfdea99843ac0b8b36b0b720f8f2dd5f,0
d9dbfb3dd53862a5fe761f4a2728d3aa210ba683,0
f7500166bc6207e5701f1d0c4cd6da22fa1d2044,0
5b832fa64522fdaec4aba965b761e8e15ae062b7,0
71abf5b5870a40df8f8421f628f552b8415e9966,0
3cb5647b0a8f47b759f187138e134f93bef2b29b,0
8a10cb39de483daab63aae9d991f55b4ec14aea7,0
36b605405ff92e26642f92a606cc01499e2e2bf6,0
2cb5b39b31f031f1594add2c25a3c14da9d3d1b0,0
d7f62772bc6365c9ca674687bc9520f89bf3ba7c,0
a8ab4c6076877ae9b04abaa5155557609756ae9f,0
05f96daab375b4168165806b4cd0ff71799ccf5b,0
1d37a12692b5550ef1ef4b9c0e613aacfac7a21f,0
7d87b0336d9dcfa3b9dedfc39ac6ca11048c0ed6,0
476668e30eaf7db82d93e2f0492396a10ada2357,0
61ccad352e0c767d82b2cffd82e22fe9070cdf8e,0
23b927a2aa07d17ca11727ed1202c2626450e60c,0
c3d82f59e5b1c3749c8e50cc4fc7ae8a01341271,0
b1c8ffe639eb0193711e8396203db2e8af6c80eb,0
207c4f9ae1057dbe74e7a1e5e2134d0dca9fd887,0
2b241404be0d2524b62bf390a609bf55e8f316c9,0
c352873a23211e0a23766ee1db18866559acd2b1,0
f27370335c8829e4cbba2e70b3698df08edca2f2,0
c6a9b67e7c02239f0ced4e7863edae5f5196a742,0
4e7deb6e903a798211aba568798cd62b255e7c66,0
a227a797209e22840af83798d722b4e6d192899d,0
427971d03a7a76e7b2ccbdcf48c0706cad1b4d9e,0
633646c2ec1fc0d5b5c27a10a763a4fafd41ed1e,0
86e32931594e3437cd8614311f5da7bc0c62613c,0
a952e2fbe2b2226c72083f74cf66562a3118225f,0
65f854eb898d40bd9eb047d0b24e9529ce098f33,0
2273e99cefae2839c1da157ed1aeb0489ab8e5c5,0
495dc027fffbc8d5718538cc18ee52dc9c14326f,0
25ae01a30a4df651cfe604ceb7cceeee05d637a8,0
eec8a1ace31ddbc50254644e2761257303e89762,0
300a37a5ed21e797222ec50d8b2a4f6b4a03d793,0
2d983f2f2a5e5523754ff88c611250204e2dbf66,0
372130f70db7da8408d384fd84c48be0b9d131e4,0
6958a1731794f8c268c712da8f4e7c89de239fc4,0
d1062ee134753b8a321ac11206a5a31b89bedef8,0
25bd912d56b87fa3a49570be733d706ddf06e2b6,0
d7b6e81da5d31604e17ec3750ac5add42ebc889a,0
ce455251e37b68965f1b5b69a12ab6f7367ebc91,0
575a10a4572b3bcb049461a6de90711a89cd7c7d,0
470c69c53e87aed08d62b60894a8ed400d5994f0,0
6dc6c136bc7fd490662b927b1571df44720af1e7,0
6801b44fd54bcc78b29eb47dbdf01a782a99f836,0
d72a4b33a878ebc8fdd052a7942a43ccf9ea0942,0
03ea79b3df98a0c1321dcab1d937ac17d2a0fc93,0
9ee0e5b3e8318c2fe5008a57a654f0457e91d8dc,0
6335592b548ce21967e503c0df0281ad569303b1,0
02c75d4cd330677d124779eb7e5b17638546fce4,0
3079918fd8808e925d86a488b9338169012cf9f3,0
ccb71f928ba9769b664ac61436e7c04447502baa,0
dd367e562d74b00fe48299c7a3094e97c9be3076,0
84b62d71da8e56a237dc4dccb79306b5f859c06b,0
db59abd968b07900501ee8938c7909989e7ff760,0
27cdc4066e4936ef9c4f6a2350abd38a726f523b,0
80ba9c59ca92e092c64cfbcb713211bfdc6e0c79,0
03159097a314727edf367668bedfcd296fc3b745,0
7ec93fce5891363c06ad7782ae00b404228591ba,0
4f9e4c50d3e24dec877c737201cd56773ab41fbe,0
a836ee5d4786a4be71d131fb1b24f4dda0069115,0
9691776ff3d1fc9c1acc2f63a82aeb166a5de580,0
274941324359b0d1dfd24a92c3bdead438ab0c78,0
bf263c292e108db473077d8b79156d891a4bab60,0
fcea508d8f51669cbdb5890d4070a4c2570c7fd9,0
372f0c667ef98869659da19e402e05ab4b739b88,0
cf8e73dff3a2d556fa88952a0d4213af7cb901f8,0
12847d472755b73ea65ee9695da57ac2ab83e211,0
976c014653cc87dad021f1dee4e58f184eba5ddf,0
2f7f6499ba9fe3c6c0ad20230f1aaad8dff581cb,0
5198fc90e50c8e6c8d89033aa1cd72707fdae37a,0
75cdd062743f8bf56bada3f0b97195c7d78dd506,0
02f543d8c828b2956df76961339ff37c476c70c2,0
07602d3effd7363701cad18979ee17cbddd3234a,0
d4655c5017017edf25e81c6f32d248e7ab95f979,0
33ad56b01c875571313c5023c15b9af9b1b622ff,0
860728b11eccc555e3bab8dbb9e69e93ad9917f9,0
08f0b4c462312127e774cc507a01f420f367f5e2,0
f195e6050a535a8eda192cebb4892fdd19f5813a,0
6146f3e377fb0eb47bf5d38cd9c0798d7844d414,0
54131ff62326d52b55a64b1b4f12027c0061a5d1,0
5754ce82aceaaca40257415e65f465746eb2c7b5,0
97e7669d717ad5248f5ea622071d6f8af5a19cd2,0
7f2f832838f24aefa0771d8a6592f095685b4361,0
a8cac1819736a42dfd18938d77f4800cf6508dfc,0
48e7dd820e9aa313b9616600fd5603007bab6115,0
97bd5ec171fe37666142518b654b06df5514f065,0
195f71b127528b71a33d3357528c501503b5c4bc,0
850ae25bf6002cbe84380b23a1eaab1ec809f577,0
a8f695df900b05ac84612c2ef98db5b622f556e8,0
9499376143a9e655e816b906e2008f0fa31e76f2,0
bd4a0aadebb03999eec5fc5bff971cb98e6558b9,0
51de373d156fe69a1d86482bae109954e75fc8ec,0
c3090fb9bf1c2f909bb75aed03aecb7c9dc9d970,0
d2f1aacd6ac59344fc81cf4715c40e1ac3f4466a,0
38c0e9ec4f92d8a2e6380d9b54719b59b5916350,0
2c1898f65ed46aa5c0f340f63b5e1f4a8b86e4f0,0
3a9a08813b1576c605102500659f608c0ca10c8f,0
50c9af62f224bdfef5dbe701ed02d9e94524b13d,0
e28be4f5ec3bd3fb3d0e9aed33101f68b9024732,0
78a9ebca83a66620fb71a921b48f9068e398d760,0
902d086ec7f19c016467e59a9c3e45ebf87e8971,0
79954249c5fe8d6a8f2e373a0cb31edb70db61eb,0
73ed202b110fb4d1dfd31b7da51f6864033ec85d,0
8e705b34dea5d031ced3cf2b44282882298f88d6,0
36687dc5001592c8a2a7621d16c929bf132c1f84,0
900139ae419b543283b46e6cae10abd8a4479846,0
0d4351202b6b42714088146362f87766cb7896e7,0
b3fe9799a8aed6cb5ce7c431be2bd6a41624f43d,0
929b69865a280276c4b0f4f685fc7d59ed99ff65,0
8ba93fb866ea9568fb6ea3eda147da04d0c439bb,0
a445c35b07747765db4dda00324333936f0cb2aa,0
44c00160d83f9113432a2deb355562bf384a8679,0
c90f584368e4f7a2c43d87dae102c2dd64fa8eac,0
9733c20914dd83e6044a5cda0828452e0d3ec0a6,0
0a2627f1c6c4ab6a76e8693ed9a44f7a73c5b055,0
1701dcb21893a7b01e4dacef8bfecbf9813a68ca,0
9d25bd881bd8ff61e94c3f95df16f53951c9c887,0
29993fbae37ccb1c519f3a9f7dfbdfb20c4a6394,0
1c8351b26e583a57add1ef5d0b85c4c57f6a2e89,0
47c6acb1cc722ef9e41da076e66da4c9767879c9,0
5a27e117aeec1c848969884c19e3102ee1328a6b,0
441ace6421f804ad412e4e4e1eb39c6296b5ca19,0
1722705d1e0f14cd7152d859533ebf3fc44f3044,0
f9073b179969745e24f8ad0cf52d2ff1edacf6c8,0
0a29daea32533ab5771461aaeb4e9ae4f4ac4ab2,0
9e0515ad1d35c30be5ef6372035429a1d5b58ee2,0
486059941cb61a2771c672d35fa6836becf18ba8,0
58af46110be32cb2ff81754fc59281b3834f5c25,0
49ea2538fc159807dc27a5b248d6cbda1073ccbc,0
154f67acfd345a51333a6cce63942dc4089430c4,0
2b2596d37ef09da7fdef6612726e5cd7553527ef,0
99bf3866cca6cacb690dc96fd853eb608ffb98e7,0
ccd75c0a473492df21e926cfef5e0ecb87efbdc9,0
8402febc8f1304daa51541186d96c1da44a07bca,0
1885708e3d85614bfeebcb6b9ecf187b7e0b0733,0
099a47653251e3d264e3fe023d51e3782b1c2f02,0
42d1a72104502d08b9f8d9d5064984d79306de84,0
f03df71214ac6b9c9f4b446720f4e90f07e81712,0
ccf4aa2c3d00332e6e23b8bb043b4f26eefe2fae,0
592deb008ab846960bc1f0b16289ec154cc3e200,0
849430c12ab929203864237f4fb9077fae4ef447,0
0250949e419c1a499b017f992d55bffedb3e8976,0
59fbf5e9ae52c187d38487149a63d505090cff6e,0
a85ab71bbb72d22496b5b1f004c77e04275401a9,0
8e25b2402476e223c100618d23ac3aba518b310d,0
4e3887749ab79cfb2263a48a515c4eea88152a29,0
80475568721e74fc83fe63bbf7d1f25eae22de4e,0
cdc0125b8d7c9af0dcc557de853c2ff2a0a436ee,0
0a5724e1fcb616d4012e3cd9b7bf915311241eed,0
55fde6597217eabbbf38b5be5ad1724b5ed70b9a,0
dfd4a9e426ea6d0901af757ce333d2577772b2b1,0
7eee2066ec329de7d6bd9fd1bc4e70b894190cc7,0
690d6e0d1b72a5534c19bc44ae63b0a06d5d9392,0
a49085909f887c50e378dd79387381c7e1ddde6e,0
eba5e863b2aa2d58b2b356280892f3e52f5f509e,0
4b2e3dc040ec42e83b356e199796be52844f0b45,0
528a9e2ebba5653787cc2bac5c4b6a7da4516c4f,0
d1e92298432ecb97171006d6b44d64bbca790d8f,0
e18804522754dbe0749fac6aeeae656ab07297d6,0
4848bb2a9ae11b21a0d8c71635dd873a34ed9859,0
a85f2b63520113a337b9fdb3cc8c90beea8ed66e,0
d73b8bb6b047fbdc7bacb15c16ab913cacda6aac,0
74d091f7037223e3f297eec8be9a1f2d6112b069,0
d9d732b615e66e139dc8ac7e1d6b9ca30a9ca110,0
058cd95efbaf3b26fa82ba0a623a4cf652332424,0
d2a0c83e5bf7a0c5b7de7053e81af83cb515055d,0
e98b2aa9baa5b5eb2943fe148588e4715807b6b7,0
ce15a0be4ca80625efe70411a4d23af27f265bc5,0
d40f68f222f221570aa134503b4b5b4e91efa1b9,0
05757e560eb10b15a4926cbf748925fbbbe009ea,0
411cb8e6a16e9313da655e0c4b98fb6ed54686d4,0
647ff540fda539300a57a12ace4c55e90cacfa84,0
b53b5bd175369b523738521cda7cc46b99bc7936,0
70382581e2256ae968f323b5d2baf4e78d196bca,0
9deb44388e52dea6b2e70e89723d6f047b4921bd,0
20df3498c3d3e25de4e929cc97e40beef27768dc,0
6dbf50f17eaf84b02248a98c6e691dd946398541,0
e41ffed181525f82eb9459a45b4048612adf717a,0
e7bdd8b53e06e693c60bb8a20c64a94091efeb85,0
6d5cffa061c0d87a2f860aff504387c7e3bf1410,0
ab2fa1026d16ab7e34e12662efce1f62337cd10a,0
fc08bcbe5f43f72575ee93ccd3651cdfeab3519c,0
3120a9310e76450a87d83a46bf3b76645934103a,0
b78f849ca4ef8fc375ec9a14a300ed258a6c43e2,0
18721522ab6afd6d62b973b6f16a3e79e025a46c,0
7bb68a88acf485d776d375aba60c80987f029db8,0
21b181a960e43c1aa01536fd177dbebb989d8a8d,0
084a83206b1b34a16a8d3e49a8c92c5e6647d7b4,0
070ad17a9c1a5a41854a351c0cbb67570728222b,0
aed98e7e8774edf78040d23e6cbf75e3829d754f,0
3034c242254ba74ae19e53e513fd682158a429cc,0
18bc29259383e4a6666fb7e437d2223c53844ea5,0
2347d412c495eb27ccd1905e14ba6a045f8b3525,0
b7d09af2703d83fbd4ee480bd3e2b42e08c652b3,0
fdc8ee9c26f668192b34ec5b955b3adf47f98b2d,0
a56c184b6327de4e9d17fe32e6d23cf82dcbe12e,0
a76eae4b10fd1ec25dd8e67b0850e3ef8c241c9f,0
fe64b163b3ba20b510a45ae12941d5336b279a68,0
0f2d1fc9f5cd250b2f588fbd22c361ff6a9b6262,0
33c0671fd40acd8eb7dd09395486743ccee08dab,0
efe5ddce14b94e8ce8b223f28e369f8b9f32cbc1,0
37c3b791b8f96970e598b7b8374d2351228c2ede,0
570d5d64b7ad7fe63cc54958f6ce304dd4eabc3b,0
6f88cd1c0f26bccf091441f391468ea70a87f230,0
c1f0de75dec6e90768aaf49d90ee552b227e3b8b,0
d578f0817fb7833a5be1b70b3011ae3992d488d2,0
a89d91c8f09b3b70c63f1ca6f80597a03363df7b,0
f005f039f2bf76391d1d526212ef46cfcdbfd514,0
179c1d4a820ef2c7e6095c79d84b64bcf69e0811,0
37f914d219704cd9c381b5e40bcd2534acba73dd,0
f56343157f81f578ee117a408b1fbed2b79fd1a8,0
1e50f15f9a71d27e3218d9859b813025ebac1a83,0
a11a93fb633df6d45562e537c8f30296f24c055c,0
4d3f87222cc4ddd10d97f9abf477bb1705f52bf8,0
2a946d35aab7c98c7838a8b1d4b9ea4fab497204,0
a0c342e8c560a21bd35fb5395c96b106f245df55,0
f45185a54515dad6c1c2615fba4b489af53b576e,0
5d42c7cb1c779824d1a47bbc8c61c3f197cb361f,0
0f6dacfce8835528e1f1cda3872323968dd6558e,0
da4b6df69f39a4a2b5e0705f12a71502c4c171af,0
a08b6ae27acf7a79b34278b1d18485054df99c24,0
05d6d85d1f65699347e18540223dcc8a1a9a283d,0
f987f062552e6adfe2fd50f0d331c392b5dd36ce,0
db067495cf82c5b9fc064488951852aeeaa62893,0
395fb27d4b2efb4f49c95945e2a529b39e197cc4,0
e470202cfb99a0dba2f370654d3bbb7caddd0d11,0
752916fc5f0a1db2ce7ff7704cec0c420dfa0e76,0
22805a92fe198e1095ab0434e833913dc70a36c3,0
f6fcbe6f12c4270dafe7fdc6290de35332e97ea8,0
c71f0e9fa7545638d67246e4931bb0c5098da589,0
c5e69709c0c1a452585d79a48411e43ed415ac27,0
4955aa62ddb6b0f65607edd2e50ee57c40d71247,0
2549a1def7207431377b250624e0c3e65dea4452,0
31f972faa2732ed995960cb516b29b94a80869d0,0
564360aaa047519524735300f5e32e3712c0feb3,0
68124abecf93fb76807eb4abd64d06f1214cb351,0
504885d6791841ed1ed25e0eda02ef413cc89bce,0
601705cf3f27baa5ff30444cde48fba7f0665626,0
d77a0873b2d49ea96a3895f8574e5328ab76542c,0
7bad6190729b84216dc5ca7cc3e63814e7518a5a,0
18ed04bcb3b46f2eff12cbe36698715b124505a6,0
4edd03f9a03040b294ce4c04ccb6c0983fc36bc6,0
1a37eefd5858b2987ad812cf94944bd0ee2b0da6,0
179913d7a989df224cee858497b6944644645fc8,0
7de391d97974d579c823bd49bd85f6252a5dae9d,0
623e30997adc8892352a789e16bc3b28a081adff,0
e87c422bb0cdfe2fa0d0cdfe1136ddaac775f4c9,0
10b12367601aba8ff8ec3653228193721c212d6c,0
2e72dacbabccf9ccb23466db8f4f1edb96756bda,0
269984bf0686cfb51d5f607b3cf9a7379c6fdb72,0
1f1462f42e2f0b1ca6b26ee5c34bb208954fcc9f,0
b1a3368b0fc4c03fe6776cf8f002015bb98655e6,0
63dadc4e9f4f7bfb3fb3e7e4a9619297bb7f257c,0
bc6e998ef803f63b3b81bd5220cc7b541e511a0e,0
df13c3614ff90e728763d4da8e47ae34064a2ab7,0
65c53c27fd27187f0d0d13b699f046a54b546687,0
9d76ae3ac35674f13794bfc4fd88ff40e146b87e,0
e792d1db25d84b05f27229facfb4755de5d4212c,0
fa78067f373afe7a8354df548ed53985aa782763,0
64efe10bfe11b3648e520d1291efbfc661add65d,0
db86852dc17960f72d45de1f03cd298030ffc3f8,0
c3ef578a4dd0aae2efee80962414694c3d3a8cba,0
f4affe55ff490f1e2d6aed2e066042af131ad24e,0
a9bc52d50424ff35c5c06bb4774fe1750256b13a,0
8ef92e1080ba7258d0026f671878816325df6aad,0
c05298e773b1bb570d545d85fd10d8f203b25309,0
77951ab6ba08753488e88385209663573fc00ea9,0
5b3bc4bdb674490419a62559cd222819b93750eb,0
de5441532e4430f9ff0ee5230378ceaa2417ccc2,0
a7663ca49bad12893b5730334089beb326c87ed2,0
3a62b784e02d885065ae159ecb03a3e380b7cca0,0
d3c9cf0457c1bbb6256d3b0e7cbbc8203d4de419,0
b6e4d6b8feb23128d32c6cb7e95f3b143ea65b7d,0
58af6824254292bff8bfde7e2a8c0b0c913bc5e4,0
baf9004def19656b7d0c07c17f0b41404b6cadd4,0
8ecb1e0b9e245f8c0d4f3cf88c6f3c86339ea8f4,0
682acf26359eabcac1b942ef8ec807a3e4033fb8,0
2f044f864cd4312015c39bf74616f584ee4e89df,0
8c2aa4ef89e1db588fab882a3da3b22026486ca4,0
4a87127ac38047a70aaf522ae105701ff5343237,0
a312024de34a9d7e670c40da6b8bf18869cc3474,0
09a9b43c616503fa9b5e2122c99c1adcc7b7a4c2,0
b293679a45de6988708dcb93e1337b764928e4eb,0
65bcaae34c32b0c0838a8f2cad0f11acacccb3ae,0
766b92a137d800f261c62db78afdb8542df5fa94,0
1e6a27c36467df36f409fd790887881013421720,0
318fca3224f901ab0259bbbf968ec6ffd0d6dd34,0
5335159022d750558c4e5a46028cc8467586b05b,0
5969b6dad1c9a65389d1d4039377a808085d6c28,0
4e94f49ebb942090dfdacd90ccb3db42bed7f9f8,0
559006927e1aaa0c786da0dcc35e8cd267d0c711,0
f0014acaebb83995def2fb91bc1f200125bf3d96,0
45e39f266ddf9891ce98e356910106194900476f,0
820837ee68862f86b79a5ea2429e45cb8cdadbf9,0
c73728fffa28f84853ab61c7f6f05849155313f1,0
ca4db8dca6829bce1b1701a74a115c6e2e39f2f0,0
761d5983f1612a0f38220f92e071cb348d68ffd7,0
b77fec61d8e662730961f0310b0891a2a95df91d,0
5b9d27a414846f238fe6e2b3e98516f240c06b8a,0
c25ba1c713cabd1e76a9f09f0a00f2b6bd11a830,0
b683404f6349d5f4b4bdde3060c9475c5c95e909,0
d57e1d6e89b241bb8102097a41ada1081df65832,0
9af6fbacd86fb4a58d610fab6eaec710f5521cb2,0
c6008d8e87f9bc403eca552843c07b08bda7653a,0
5942ba18d848642a150137b0a370590e89f6ef28,0
007c475a46ea6c92e62140d84cae9a9082472646,0
90373d68f513afa9cc63b920ff2243a2d6b5cb23,0
473e2c7fecd074cb60d071a051483fa130aa2c42,0
1d5713e01eca0efe9e6effdda769246a45746154,0
69d93b783d6db13a6344087da2684f9f3a327584,0
36806aa772297d77b18e19022e266959829d8b52,0
db5906f78afd642e4fac8d66c84024e8bc0e5c58,0
cc9406fdbbe06824f717720376b7d07c5c748c7c,0
327819aba038e1edad36ed90b356b02d1358ead3,0
a8a643bc3cc4c31a63f103de53bb3772853cea9f,0
47545b63738bc57fb3afb09d67625ccba74ce9f2,0
b870f02b135115c235cee0ad0ab96cbd9a7099f1,0
5dcbd61da6f6a99546654317b6f4eaeabca39e9d,0
91a187ef6234512596b6ddfb4670397ba42552ca,0
542265ffc63ed038687ce6b266b080c9af339c6a,0
5bfc9a0d826f8c64bc041f05bbfbf41fb9e91732,0
3b399a61bb6c25b330f6a35081dd6fc1326b597f,0
2e9abe2f4154f13d63a707327b0c1efa6f9a2c39,0
86997eb316432bebef333bc3a57e2425da501cc9,0
9f910549dabb6d77c2f124b4dca145095efea5f3,0
39d9d86924b0a3c3bc080b8e7aa35410b4fedcd2,0
db77cde7582c56bd694321b786542e52e22a4ff2,0
94dcabfc25cceef3c800facad58b0b62a3e78091,0
f5b2352c045d191d1fb7c6f0ce11d9e9a58782ad,0
919f6f84ade358991edd51d6c115ae4edd94290a,0
850f33e7090d5e3c299c8c7958fa59d4084edcc1,0
157bbef49a62752a59b44df8f0cf66346f7175ee,0
fd48ad630c41d42bac4e26c21cc198d5c9658e0c,0
8f4cda5223b08c21540adae9a75bd82d1fbcf469,0
191171b2fb1500d24c42a809cf13386ac8f4ecac,0
26c01711c7ec8056a7623e175e78b6183937d88e,0
b8bec0f9d6f722be363f2cdb1618d3f4057c4473,0
8dae195d8e9510c487652946bb0acd67d171da26,0
8af79bd99801e287c05d5e3cbd570eff45e0dc4e,0
cdf0ac1eb4d6555298b9af90436143f44fc25777,0
6c1097da06684843685e56db996ebb3541cac9c7,0
c4fb10007ba8ab5560270883467a8d75608e02da,0
768dd7894c0d534faeed2c56164e21b80b83fae5,0
ed91688d921bdcfaad09c658fca952c9082dfc34,0
7f281d03a856c5173b780cafddb08d9d75f14063,0
3bb0aae6ceb5c67834f95b6f3ea63e01bb9faad8,0
90c4e60839d10a62b5168e85d19e7a0f487f1e79,0
11957eb6397feb9d464e5e24a0967667c2fda8b5,0
2ecd2772226d2c7faa04501fc8265db24b11741c,0
017c70a3a82da209e8574e15a800119838ad0849,0
3411d37dfa1680a813e407da62316708022f3e68,0
e9c43cbcf70a177e7129dd8480308583d5f1ffdb,0
b05b621bb09acba4933a0b8beca57e5ab91f79c2,0
9298c4114ba81fc77523e12e894052e40d4bcbc8,0
af786fe04ea0ead90131dca91d0da335f9f04e85,0
4556acaad3b1348849c7d53691d71ba63c5bea2f,0
c09d34ceff5f622d55caeba8323e471217fd1b46,0
bfa53dcc06d394dc16f869726fe397c7f45ce40d,0
657672cf10bed33db8c78b39109a4bc291f11028,0
9c09ad8ffa7bfd15de62078ebb5bd0d85291cdd2,0
7c4446d223f00a51f23df4bc9109c99cbef09f5f,0
2ae93ce4c406bfd2799a26c15f07e47f639f4912,0
3278491bba6860ed33869a74284cab4f9ae4a7c0,0
cf2bae7bb1a1a66ac460f8daf9e23a89f0c8812d,0
7a7a816d04fac7745516a32ffdd1d35e7dd3efa9,0
916c348710e95303ef9a558cce57a73f08e9a872,0
8f71f6376b27f6ecc21e4196f9a3f45f26021bb7,0
7d6c5052740ebd8408b2c9310be7b8ca1d65bfaf,0
12584c893126e5b02af1171aabc2c411cd179379,0
deb39a25ac8684334447ebfad4829191ca27c192,0
fd6287c4a994019326b3db82fb2a33df99a09140,0
47301924f4e07a36c058fbebb2407f14b8252a43,0
64d7c26cdf5eadc21b56ba0364af025dd4cfa6da,0
2c0409e031784d60294a75b43d3fd73a61d188d5,0
332932e500c90565f8810bdfae0252518ebb78ef,0
f3f3ba5320491e13f0898fc872bb88028c80abb9,0
e975501803e6555e6bc76b94134da579401892c7,0
1f6eec60a29c14d510be85f4796cbec859609637,0
99c3bbaa91d64acfef359f244fa64b2c67bdf622,0
6505b07d0df93651381740d2eeeeb6b5f93ce9c3,0
8bcdf26b51b2958ee4ecfbd947dbd3270c58c3c6,0
8e3ec799a7ba8bf528fa47e9b085b6674c9d4e53,0
01313699124c334ad2dfc7a6ec7942db5d1a8e1a,0
948601742b1201a86031f52ae44421da15afcda1,0
d1133f8ee309a7182a2284f3df46f20b1c188780,0
e5f56618c996f9f93bd1162a7c17d21a559042df,0
5c1672aa7aa9bcb3d14faeb7cbd5da70503ec363,0
8eb7f63bbd4c657ffb76a54e832d6e65bd11ec74,0
81fb171104553621c7b445410d9cee06bdc89273,0
0ce28bf2cd918260c81a7d4b945f5b7e893e5f61,0
aaffbb4508159100752bc68954c55acce20326cd,0
b4d7e9452f75ba3dc1acc1cd59c6575b50192278,0
411dcb279176e9528a4f82b203acca45edacf589,0
a31edaa60e42239513cf6db8180d2934fe566e88,0
267af5270c8e8f9b95c0688ba4c1c21a8f401a5a,0
7a420640d71d8635406377339ae750bd4ce0305f,0
d8775a12b3f88bb7ee1e1cfb1e5449a3311c29c9,0
4c63e89a0f8ae1d8e7af00b379d7b5eb01bab560,0
581e9ae2f6bf20cc63d1badeeca43c41b54aeb07,0
15a2bc0b24bbacf4445a56c8405d5c7dd9736d76,0
b8a9a34cba2632711d79544e0bdbea32e106723f,0
e578036129b843623259e5e41fac522b687fcb10,0
a800d93a259741613f499873dd4fe06ba4005f89,0
320ced611e1a0ec828f23302a81f0610f5b801b8,0
6c7e25e272264133abfd6c8397c22b5a9ad55b5d,0
890dab735ef50e6aeebf051fa2da56eff881c0cc,0
6af4029c5091be270df1140afe8a3cd488506c2b,0
dc909d5e246674670c778aec6399887887d4d70a,0
485480cbd2207d6838b95a2e57bb9b7bc02ac424,0
b5e2f90d09c56018d76ba5b1931fcab347551689,0
d25142c90a6a41aa41dd52994c91fdf636210314,0
5979534ebe145deb6df0b39f1dc480220463c526,0
c3d7b4c2b2f6df86e235967abbe1470140109c87,0
b942c027f9a1397f4244b6a70561987cfaa7f1bc,0
2d77e7f3c4c6f445c08caca2aa73c2d9c1d89905,0
10a53c6a5c1abad56b9f83c43c18ff8323842320,0
748997ede4ad598c055dc31cf65f1ef6f236cfaa,0
4c025e89be1bc3820e85252e1235a90ef25c926e,0
c55b992365010b16e7d8113b7456cb4b2a923ebe,0
1b21b593d462e5d75ebf1e7eb4fc4b5ac72be592,0
86e13c772af60099387aa8060ad7d3c0334b30b4,0
267736051ea09d6102a99ad90faed6f02f7977b2,0
dc13eaaafc43e22ad675ba9af3a9c9e6aa75325e,0
804ef3bd62712b3ebf2db5d8832ffebdf4c4a0af,0
c25bebb2be4db60a6f4f1f8238f8cadc5bba6d2d,0
895ca3733ffa0cb6f5db9cb9f023eff016475764,0
31fd6d772f8aab9dd300102b9043df60c86ac4c1,0
abce507ed4e7dd35f9a4a9bd87a10088fb9e408f,0
9fc3a4f25ec6b2ed557432df86f358700e16fbee,0
a264d5113141bab030da7ff2212a93ab363989e5,0
788700a3a3b7b0b89b9e5be335f39abe417f9b7a,0
08f2a9accddd19384d28c4ffc55f06ef8e1534d5,0
75f0709ccb84a8ce5190b3ebff83a55cd13648a9,0
017602b0521717316cd7468c11c6450e98c318f1,0
c488cd2759bdbe195ce5610d1fe574ef90727f56,0
e7c7855093d9d0e332c9a792eff1295db6d2abfd,0
beb5bc46e788c1284ba71e497cfdf89bfe131fdd,0
b249ca17beac2a12e896190e0e4d7b51eefafed0,0
d5a684bd6dcbc6b1453f9d265f09006376d123da,0
1e1fab7c4aec905fe44080d613216d8c201595d7,0
8aeabc6ac6ec34f7bb1160cfa9f0b5cdb96db879,0
2d0efc4f091640f90b2cbbc8a0af73ad3184b679,0
c0acc2e2b8ef56e77a03892edb425e09f4559c41,0
a80e71fced631d89c9c6ddb9fbd0a2ef913aaa08,0
8eb4896928b49b7f9cac01f98508c4f6e7ad1763,0
40ada576cc8e887ff098f26d955c3145e0c86f18,0
72c87dab36214f62c505a876fbb873cd67db27eb,0
a1b9314c06e6088fa645585416aae02d8cc4b52b,0
fd2672ac848d9e3eb7c477889b1cbbfd77e13f1f,0
03dc5fed5282be2a66635c7b3e3e2dfe983e7ac7,0
05997c0f78aa3a31345462873024b4d85aa26d7b,0
d07b41b2dc0dbe5ed98ef25adb398a6cf506b65b,0
1496f89f3097a1a4f2a7155d9b1bfb5d0bc98c43,0
4bbab39e724b78f7f7ab044e00f0c65b5ecf6cf6,0
8f1a66febdc1850e033a40330e5e08f5d45ef36f,0
fb7667a10503e8c97db7dfd7411c7c2efa298c12,0
4015f7e05f3e08103000b8e2c50bf3f31d76e592,0
cf310b4d2c595198dc5d6e1429c7bcb55aa75d68,0
c49296e58648fb69d9d3529ee98f0b6ec18b6766,0
9c6057a7a1b2483b3e5f58ad6546c47becdc999e,0
ddd565c8b0ed99e15f7cf601973a26a9bf968d01,0
fd5d40322a720e42364c737136c7e744fda3963f,0
09b9ad52a6d5e64bd2f324c93edef69a97bf1c0f,0
b1cad560b0dc41d5d1e8237a5e93634054c7d38a,0
e202c17048f84a99c6eda67ee6a6f1c1ca9801bd,0
6ae0c76848dc10e8980cabd55b9f490b34dc19ed,0
1f69a89f62d13e9985d2ee45c0aa42eb798638a2,0
ef8e45a208078235eff49a3cd40e8743ee338d8a,0
695ef0cae93a7c36345d1d819a2d464384d59b2d,0
0338f46af52a1264744854e1e87bfb5606bbaf99,0
5b4d95f620afe1b69a2b888fd14390fda77bfb1e,0
5918a602784a8b9deae16436ce2f5d1e3b8c7a85,0
909f81b9ec59b9bd4114af4e558d35a65054bc2e,0
d6583b134212bbf792f417feafc270686168b015,0
d04f3cd6b823a440ce4bc97b59ced08aa3941520,0
fb2f19ef2e0224d443c0616a38ff4336322417df,0
daceded5c349740e7acd1bf9312c38e5ae79019a,0
698416251c1dd1e901aa6e376265c94ffd946b1b,0
59461e731a708e054ffd1493795e68620b859b61,0
3d39edf5a6e2ccff86fa361af4a0ff8c745a670c,0
57652300f7d61240321a2e3c5e3c0d87474f8875,0
c21c746eb6860b89df5e0589b206acb90906d760,0
5972e5bb5717c6053535c6ef32748f20c1c5ba00,0
4cd6ac740bc9cb16683c6d45095b36ab329e248e,0
b67e4a3553ed919e3b95d6278fa847f2ff868045,0
d02fa5b7ee712badf2ec7ce432e91b9df7ac5ca4,0
d913fae1550034b0b120d134e42cbed6fa4b2a84,0
3e7b102c442ea294de920a1e4e34a144c90d28a6,0
ab4b3dcc15fa7321aa103cbb53552292b8a4250d,0
2118daa18ab94568162ebfe718c8863a23908cf0,0
88371c2f90be1ba591056635a04b17cbb25926a1,0
c5b5ee7d4b63169189553a0318a9a084f951724a,0
05392de7557b7fc5251a56fcc0224e4260b62d6c,0
fa3e2c9694d436909bfffe90750b9abfcf87b8ee,0
54a92b46b2554027e970894fa4e6a8c63cac3b74,0
d91912e425f8c1d5527784c75b550da202b68d88,0
d2586244d5d4a9e18e4fa0421f4294ab8c9f3e0c,0
42236ba9a4b07d68e5761fd52401f15694ad283d,0
cddc4c3faf99552e55dea0048541a7568404194c,0
559e04e1314731506696a5952f6d574a191bf933,0
3c5f59d2df599d8ccf4a26b8190e415e73b1945f,0
1cdde587f0d78aeaf426a7ff03be6f07a88edfd8,0
1085345a2bb02d4a68114063045c9efe39070e2d,0
d5af7acc5cb1950164688be64aaa110cee17fe17,0
40bfa0235c74a3a57cbb82fceacdecdc51eb959b,0
35846c4d8060b02def94f290e5197a849a381fe0,0
b54185f051bd37f58a92a58abea2eae2a408c106,0
07caa08c23d3d4376614d421f54da5156864b407,0
ddeaf3fff4f38ce08befe566b27f508e392d8a96,0
c2825165900e273efb6aeead6f9e29caf1d6ec70,0
dd2206cc202d61abb3b331504a323f6b9e89cd1b,0
13ca9e4670563ef654d779deac2bbf75aa05b373,0
c5d8f8af579800b63ecd64a76228302e7d0d477f,0
3fd0539d3aedfa28dcd2354ac5c6f433bce571db,0
98ec6d629cd2abaaa35b9f2d23b93694f646507a,0
f0a4cebc4bc606da555282c91464984fe85afc93,0
b2954284df2e10d725bf7199162337cc67614410,0
bb2ddadaff773bd4fa3953adf6182ba360dadd62,0
dd620dbdac104f4d2dd587053e04b44555d84bb3,0
bc745916a886eecc815ee4a4f81bc991b20cf96f,0
6e167ea445a0d2e00e017c2c0d492fd245745583,0
cb64cbad56570d40e3f9624ad9146d08095e9576,0
9e1b0a02ccc0d734a945ae94a046f8a2dfc68c7f,0
b9a789bbe0d1434afc87a267b3367d9c3be48bdd,0
02f1bffa51a7ef393cc5967703cda33f11ae25e1,0
0436db2e242c31f79e80c6e461cfed853293aed8,0
114ce5049493ef3464a7bad7b2b8e1db2f654dff,0
c0cdca5792a54f7a02ea7445babcf841802bc0c2,0
ea7330b23aa1b970541c6ccdd310859c8b1c697b,0
b9cf5216eaee880e2251b309eeaeafd7d3fd3da9,0
f0a77b0b1626c7b6a694e13ba28a9305090e7014,0
de67a89b3d7559eebc976ca390595d63099b9965,0
12fc0a34be5a72484aebc0e404aa496f45acace5,0
dceabd87084898896d3a1cba22fe6fea4b3d4c15,0
1bd50c521ad074ced053ec903bdec8ed10a45d3c,0
273882b1360f7ce4e534e085d93b077ce81d9f91,0
529b2c61d72fe49b2a02314dc996cb1b8dbc8d46,0
3ab4bd144c7e32b3fee3a00277c4a96e9783452c,0
8dff5a65272050a2ee6aae0f31f918ed18659e80,0
b0e5654e077f74a3b86f46cd3fcd3b316b944ed7,0
e6ee136eee35c7edd0968ed49426957511dd8c75,0
cec2a4d9005189f1ff2fa698dfab4ba5d64e9747,0
8f4a0d60d0e098da786634494d5a1d610b20bd00,0
2896eeefb02e1f78fcaa889079f20be1278702e4,0
1884a84ebf3d3b7e6712dae8c0d187772636056e,0
88732616fa769c6db54694424504e924aecc95fe,0
68c890b2f469704a5c15044b48d804a85da3138f,0
080260dcf7515c63393073f89f890486aa6c1419,0
e66e9b04df3436e9456701d38f8c3062d0121915,0
59b2caeaaa71a292a646873287eae4e2773b47a7,0
2298683403facfcdf40255d12fdf6b898648977e,0
59dac691aff5aeb97aaba895cce2e8c380920e15,0
61c9214d9cb2bc2a5e56e6ec1fdd57608d6c1464,0
1eb27f54bd75e95a0b611e0259e82c38cd359e05,0
ca4ce703bd8573ec288bc9d63556302a7505d8b2,0
9d712f3e19eec62c1f2a41c5e32f93f7ee843414,0
3f9050f39a29faa22830a48a9da9c2d61ec39677,0
421e122db265b552217b56b7ad287203c6856ac6,0
c4b1afc87797f7826b84ae7f024f3d8959781ddd,0
34c5613659fb37341ba1efc14b53e7ba4f4c1e65,0
222dababe1630d503fc024e5708b2c38e0670867,0
a390394cd27bff654f8e02bb4de67d7cc9a56454,0
f57ea8d4a2247c42a923ac9bab97861e7b733c12,0
d2095b0e9b8eabea188b220df8a6a4f47586518b,0
bcd82eb72d822782c6245a34849bc6a96bf47e8d,0
62f75d8e9412351314e87fcda4491a1ceb2851b6,0
9238c5a5dd171750aa9f6e414eddad514b9e43ab,0
ebf8de83b84deeeadd47eeb6241cab95d6c6e85c,0
5ec2ae57d0978454da62fe1f340097f4a5a411fc,0
7ce4d97f913e48675cf568612beba82ca1495ee3,0
42365f2e9d4a62aeb5ca4706b9d7184b5f7b3692,0
04b17c3971674888181bbb4bfc9cc4d86d9c5889,0
5573f855049b908236c6032991a02373deab6dd9,0
7d93371a637e93fb79a32dcef84347628a9bb56c,0
fb0b666b8c205a309351f2339b7ab03e8e9957dd,0
bdcbd8dce2e85d940547e4e50806676ccfbd3e91,0
1d942919961b68d8bc21af7fa984063857268d9d,0
66a1c50a4e906e2ad2dd92355ddeb70319b845d2,0
05cd89b453e4db2712daa21b51a7d1aeccf1f54b,0
8178e33ff1127c169b93a92c0f3fec57edb92fb7,0
46859adb2ba4e617783338ea4429d24dac308f98,0
8d98a3df5c85107b9471381fe90846b2d443f517,0
caf4a4bdcc79deb76b4e9fd0209288a49d295490,0
8d22a959928160c1ad1841c85ea614928a939906,0
b3c11990fa7604e670c7bdcacd96f4d04a5c1f07,0
b563a0791da0765815214cfbcc36287367c3bb04,0
6f45d5b88ff538f3085b7f07b549cd6617a3f826,0
5dd59ef910b3c83cb13ba07b32880ff0c9e813e0,0
4a83050ec0b023bd4697758775b6db4aad2547f4,0
05e86a6b17375cec4d1eb78c2ee65d5b3d457f61,0
0ab7118729d0ca656ff85f7e98be0c1e81289b35,0
0ae2dda1896758bede63dbd965b790cf804800a5,0
fcccf4f9c31b089ae651dbedc30f7df6eb75231d,0
4e70d3aa2653aecbda88c6dd94ea338fcc26bc25,0
ea743f97b99d0feea892c7a6ee8a3dbe9e4a968d,0
193bccbe083c8642aaed6752827978731e02ee32,0
cc98234cd17e8f4ebaffc9a13d20fd54d03df5b4,0
76dcff614e31fcba5f94e645db2afaee9a5e7766,0
5a91b2481f17fe23cd278d3d7fce630174e2d455,0
041edb4a4ff9b2d3cb21fd7b2292e2d138ffc1b6,0
f4aafcfa820cb30bd69031bb7bab383afd109bef,0
026d90400725532c4e98617897729cf7cc3adc90,0
8b4b6cae45c1e29efec78ebff6b738376e42fca2,0
ddc09144dffa39088e6367115f88856044575774,0
756128483e0fc82fe9a29b55008af4d368104a3a,0
3ac13c53fdbee480455a979d0ebb7eff0672c144,0
124cd5e718f78e4cf90bcbae83303370bc48bbef,0
e2432058b239fefd9b919438b17389be626c7fc3,0
8ef233a23b5b792991068d517f878dfa2392e93d,0
077b085239cac91d52c42df2d22112837a6c5e11,0
ae4b6787bf0c5b1ccffb309b0ac53aa2336b2fed,0
1db93b48f3cba45d4ddc132a615c686b247b56fd,0
da119b240942a1ef12414e7a590a189006411048,0
b16ee74523e399dcbc05b40d1af351863334cad5,0
f02f0825f6118b1167590f71aaa1b5fba32a80af,0
938c831b02e5a33b3889547c21bf25a2bd5c245e,0
9e34ac1c2df7f63b9abca9e1ac58cfe3dc54b306,0
c55e303cd0a9ead18271664e705d684ea8cfd471,0
1f8c9c9a03ccf5acaa846c638b42044ba66ee301,0
5ef3bba88e1b52de5d0a133cd1b3fbeaa60f7861,0
ed9339fd18428ba28a39f527b019a03780321c8d,0
3dbe0bcdff166116152c75e6d374489404a89f58,0
53a3507b6fa50fad9eadfa5b38c774f243864627,0
b0facebae08a6940715bcdb76cb4b58d09a4f0d5,0
2d81d2fd670cde2e9a21c9102e8acb072522f6bf,0
a2388d2fb27d37f4317eadb13f7cf5377c127e5a,0
eec6327ddca0fbd47f99935abed71ea389225c6c,0
a14b113a42ae1a44c5e9ee58e2bd2c9e1084813b,0
73231aa573b0527d523102e9dca964679e40e856,0
b8a11373c5f903d77974d0803de3373e99b3c16d,0
6efff0fbd91daa0930b01838223412b256ad121a,0
9f96245764bb6441ccad83f905e56f10d17c68a8,0
c7530f8f798d5df5ed46b6375256615a7a84185f,0
99f28f39395dc159c363503407758f93ed2f7781,0
b71408409e01aca05e2000bade8a62079d3c60d0,0
f1e0ba0183a95f41cbc2b94d5fdd7d732f204ef2,0
76e76e52f5304b19bd1324548d5b8c2a03696d00,0
5dee4842f1e4e63bd10b98f26811107c310879af,0
ff2d431d4554c6364df24b3639b9bd3d87d52266,0
eac4125c902a60515a68d343dea125effde11088,0
9e8811e0ff34c82d6395db74c5df248a713565e3,0
0aa092df75dab647f7feeea70109745109c2eecd,0
4ff480783f7a424c733c9f50ef86a88bc76e87da,0
595c60f3a76cd3f078d850eb7eb8b3cd7a32936c,0
c87eba774db50ae15ed67c8e9617bea8c6feb2a5,0
cdaec8b45703adab7f9e566a0dbbd92cccccd6ac,0
5a3d220cb0bdefd572ceea10172ce100e7907d40,0
e7755c9de4fda21df3a89e5fe491b689be600cad,0
17bbcdbb518ebc69f849efecd3d6b21fe6f0ea73,0
41b4aec46b7a72864f9457f66affa2458567397e,0
d9cb81124a1b039d993b0fffb081078ed5af4cf8,0
4c9131ed986f615d85874aa90ba5778111380b38,0
906298efb19ccf2d9b6d2f67c502ae13ed667c68,0
89c5ccd560b79112cac1cb354a63d2fc194ed98a,0
8078a5c0df014746228d7dd5d8b8e167902d04bf,0
50f4687e77c2117c1410b344ee82a85e733fb4b0,0
ad1c0d013a44997374253de9a13ced164ef9b248,0
128fd3f0ade8db9b5a60c9e866343d55594122fe,0
8b9c16e25431a934d9a915a55c561fda3c2492eb,0
37c292f73875b3340a5f1cffdd31f1b0bfb53bbe,0
1aa5515410a37ef777ea9e19f75f91b066418374,0
a7e8e1580ae42e14e0068e228b03b72e413690ca,0
207b6199822b1934f85b9650f5967902fbd5ae5e,0
1b44c5dbf9db30557c0b4ee0aa2cce322c3920e4,0
d5280626f53ef1e7b4cd74dbb3054c728ff4dab3,0
0702f6383a20003042a407ba439c769e909c1252,0
b67c7fffba0fed884b24ec5b371c92e20a468a0b,0
7813a3840fea87bdc86e021366ecf2975b11cbff,0
85f9fa1501b2302f761f2649664ae0425d73d165,0
55cb21943e813221c1fb4feb2185c264daebbb0a,0
8a276280b00a853fbede0ae383ef42c88af8f6fd,0
c89936a74c4b752ca38461a1b8fc3eea9a239652,0
e0a8f38301f5c32fffad010c97390aecfb9d737e,0
a44c9c22cf9727c5471ac000af594fa9d4e4b882,0
c60713a63066486133666a3887b91c3808557e64,0
f684dcf00d662adb366d666455ad8a198ba690e0,0
339f9ee58c9bcf81e5f696da3c30f99e57aaf1f6,0
6b399b84a48714a672f656249ff385ce4e92cd8a,0
77591d72f9403469f5a05e630c8c5548c6a04c2c,0
caad76c9b5e081305fc2f697ed36f1007c12bb57,0
75d557a85cef0a8728b9606da90dac15d8f4d7f1,0
f9aa9be18e1bced854a88fbd1f514ac9297e30a7,0
553926c470dcc027516590e2b8fe0f52791c620d,0
20e4de64ec4d9f3baa14606e1c52ea5858dc6f97,0
1c058d3c49da9822dce22421f7299bba6fd43f95,0
78d5373ec57e3600907ea9b2a2919cbfdbbcf518,0
5283aa01658f275e826ce519d070718fe7a89a52,0
7b72b11b380d0ab33c7bc70be65a7eb9a79df782,0
63cc1f0aa35c3a0f6c0919982a3154a7b6ffb2c5,0
31119091e6b6d1a21efc59cef35cf8d4eeb4a4bc,0
ba5a2e0fc20309dd65932b9a7751ac52cfc71f9f,0
8036f7e7d3398a5140bdf2f97a9791654c73336b,0
8c461ca77f81ea86af693d175b5a88a611458e8b,0
2482f670a56cedb45d00075106d0ed2e962e561d,0
6529d35ae490922484bb57a7f491efee0ad2f5e5,0
6505ee9b9972519920ab8dd3a33c94688b816e48,0
1b937be4d7b654f84014944911cabcb34d632efe,0
f6d4bafa131b2ae1dcee2a29c3605cd1febf7036,0
cb44db2ad6e8d9ddc7a8b3e7e6307d20f0667159,0
a5bd99cf90fb41742a0adb32d2e420bc9e5eff86,0
6de4694b499b5a74474fdb49334db94d04201eae,0
91899a470af95a5a4f1bb2927ac818bbb68fa147,0
1693dc9586375973364cb07a90588d475a030d9f,0
dcc69d3c915a823f3cf09437873c788d8869fe19,0
52e0b5ed03b7cab5c76693b8cab5788e870ee2ba,0
0255c7b3efded8ac2ca4273919a3fe3c2866e91a,0
37e23760b8c1db815ceeb54911afdda0de483748,0
d4a0461a6c58cb6a1dff6636acdd24e7758a106b,0
b08dce1b3278a79efc73700ec174da930a15aef9,0
e9a9b16b783b246002c1f3d96e3c193307aac9cc,0
546258fd62c58e291bb7da2422026c3a1afdc9ae,0
72366ebda07b1aac51b988648d8345fefc1ca791,0
647b396bd84f2ed0d1ab4a8a738b412ae3296b16,0
2f1b7151b58065f8872587434d2d6a99aa75b9d9,0
2b395a028a1b08209e62889925553477eecf3387,0
d678ed40ea2483a248402d8db57e9e4a78704716,0
29341b7a380c229435a9a09ff9da908e241d9035,0
f38ea1ff53953d966d91331a1ce17c3f4dfb5dfe,0
832f56ba573c2fc08a83c92011fd661f3bdc5112,0
055feb2d52b0cfb5f4327a1a7b9167b48b8667b0,0
4b7587648562c1bc32534bc00a773be9f04ccf1e,0
62191593668c55ae684d9c891e0463157426afa1,0
4098e32e056a72a3e0e1d9a1530b338c486db956,0
392f8c339649dccfb021476aa6909349b252e720,0
ea606e7bd95da4974ba9f0be4faab17a17e1270f,0
b218fd6b82756b97fe74234cf888c63b867fe675,0
0911bab646b786da2efc807a4327dc9024ef3674,0
988621ba7a7078237dd3f6e4b9678c08de59fd2b,0
581230447a8a484ddb66349b143f911cd7c56e12,0
d53f4c4959445d5f4965609c5135442661045bde,0
f4560d7c1cb188e1488fdf43132c92fe6cfa50c0,0
faf8f6afdf5865250963ca711283fffc70b79344,0
35f43a63bd1689961ada7fcea4d3cab81747b5d7,0
7ddefa087b190bb4989314577d56dc3de105c0e8,0
586c8e4c0e1ed0e7cff68c4534eb37362e6d174e,0
064c17b27c2cb39215d843eb0a71d730a2f2aff8,0
27671fd99612d822efcadb2d8fa37b88ed507419,0
934173fa5c318a05958de939a5a116320ed1b0a8,0
ccbed1c1870d53ac738265c68f988757eefac37c,0
9cc7ff1255359122acf8c8156117c315c67452cb,0
28c7405ac27de922f76bfef0ee0b4fcb6afab556,0
37510da459901ef5cc1397626da1bfc37fd72acb,0
14d336d1e8e8d6f29855a62d4c755b5ec67cd2f7,0
70b453c06394d38603b6ad34980b8198c8d0b7ef,0
d119886770de70d1e9bce9f84ac6a9bc01f22dfd,0
512971bdd34edb98ba27557f7bcf80d5cfd9748b,0
0692ff50d342e38ef35243f0cd39836e46898096,0
1f418edc7d503e4416df840e67396867cc9da732,0
4c8ee494f7134636cf04c05877b9318140d1d6c5,0
1e728afe2fbabb4d5671cb6becedea1115307dc5,0
7ac02e5369d7b2437e4a7790a21063245dc3de5f,0
bc4d1e11e255b0cb97f35613a61fb49d257684cc,0
831202f33459f27eb67b99cae1f4bb33fdb10b2a,0
4f003b6f2d3ff2ddcaf098316c7dc5a28aaf799e,0
22265fbf547f77f8f6230e6efb89e8a9b0ded106,0
1fd11e801e8075fbf9d1bc01ac65e7958a685189,0
3e9960cf62e9522b94e7182342579b0e7c8d14f3,0
21b1d5ca85d1bc649406e30378ad6154c4ed6ae7,0
281b0aeeafde7f268ba7d97452e7cc78b4e18a43,0
3d8f2df479e5b0884bb8d58b6a194e0f8163102c,0
79293404604cf443236e859df057962ff28676c4,0
0167d5388db8cbaafb10fe2d9771a76c9a34349e,0
f6ab43f7955974d186acff6f9111562aefd7869d,0
cf76af0ad3ba123eb9337c46a60a60623db7129d,0
b9e88a43cadc94c747de3d6bfc9e8b674f28497a,0
ed7134c2cc2ba247a34b97f141fc57dacefd4efb,0
2fc65a876cd4149231012d7ee625497dc2145440,0
0a91431ec5186eaf0c80f1bc667d6a707b3be1ff,0
0d190e26f4d576c8c56ad2ede75fbfc3fb563d4d,0
20e6f9233ed507ba2891efbf6dea1ec1d59f74f3,0
10c3618e67bd4ae3acbcba7722d084c056f89918,0
d64c529fcb5b216355f6c0cdad1605196fd4a9e3,0
0ad2ffc1c1d0aef8b2828c386e581189de81234c,0
90dd23c29b5536dd3eb0d3026d7df9ce5a66d180,0
731a3c0d8182d44d076a658c1b104e61b80698c9,0
6ff69f3a8f56a78a7f8d8153d5c2ae01a6f5ee02,0
cbbfad7a93f6f548cfbf1e35f01ea297c1dcf22e,0
9ecc25c76e3fdc00d1b8e8666f969cba65a88ba8,0
23406b51659fea682bc3269a062d52b81945b39e,0
7317561587d4d133537128366d4b37040b5953cf,0
376fb9a36d4067519867f7a33ce8629d8630ade4,0
89c9b7dc62faab3e7fc52132c0ee0fe5f29c6134,0
710b0a2212db24645950b14e693bdb4b2768d8bf,0
1fa0274fa6bb90bcb2a51eef70d42471864f551a,0
b23f3e22a0e81fbc2702a0a1bca949806547ec8a,0
60942db1c52e6dade67e0f3342a469fc412276b1,0
65bdcd192d9535946f0f6923ebd49bf164596fc1,0
3076048d63bf87a117c516ed1bfebc0b03aede03,0
aaecc64eb2af953ac9396afcd83d9eacad8e9a69,0
97e2414b74e663d4ab678e9633831e82090d54cf,0
8ff8020a0d544e293b217a33423a066e202ef914,0
0607282cec920aa126b343bb9b76749e81ad1de5,0
47a90bb9fe3d824a24919ccf0fa15f34b13f0916,0
a660f0dd9a58c310af2052c9914fb4321a2cc954,0
e57841b303bb0ebdd068c2ac6aec12e7d8e815c9,0
26443824dcbf82be3f6e9fd81231c2b2dcd626fb,0
d253ff6006550cd202569d7374a856b5de9eef09,0
1cc9f3f9740de64e3f5e434a5d1f68eda847d55b,0
7800ee09399b0341ba92fc7c089327fcefca73c6,0
a7d5a236a4a470d70e491f90ab540e2f5701fc5d,0
03384dedcf7b910bf981d0ed8fd8271e51976136,0
dfb001175eb37af235f8a845bae272b3b48d3a77,0
6041a3c52839c80a8bfb104c03ad2c8695a1c294,0
de050ad80d6139e512e3366b8405f652ce2f8a97,0
12e342311573e618b706aab904c370cc50cce65c,0
064fb94307833ae113f3d892a85530d0b75d3239,0
d64e2c1bc5c2f57ccd5432fbb6fc449215703e48,0
fc102c65e9b3964aeea32d467170674949f2ba35,0
e7512676aa05f83d2fa5008e40e94ecea74dd0c7,0
af0035cc7a34729b5866bcddb9b8056f8ff5e2f0,0
69bc8e38976c8ee194d64334b2e2c3ecad2fb880,0
d598b943d5e23eb7a51ec49f01d43644fb987862,0
698f7edb9804ce554a3d1fa6c0fb84c323a9aacd,0
af6a36145b8f49db24d3ebf19f27f3d55f63bbd7,0
31afb45e43f543b47e801d9d367b9b2efe2ed4af,0
9aeb4661a9391148aa439a12ca71fedb4015c466,0
376d0ea65f7140a20f7aa3b7b50bc1db8fdf1015,0
0c541876679b42990652203d0e1a3226af695d02,0
012651d8f7956238011ebaa8c955acb9bbd2280d,0
10c5d096fe9d3bce086cbe7f4fe525f2dd2f5cbc,0
f7b5df448a6c94b1a70f2c8a6310945e0cdbba85,0
48e082377d2d26235dc70980d44a877469de1fe5,0
ec7de42559ac6cf704f46251aa38a9882a9e8e18,0
3ce032b9876178f5b3337b7376bb2fa8f40cd725,0
eb2d870c450f1337247d420ecf744c38e4645b31,0
3fa32ce576d0d7de36734bd6374df571173c8a13,0
3a16e06f1298d9ec834ff463f216c6192633a7d6,0
a34ef7d3bb1c98d64ecda138b8d05fb1eea6990a,0
faf43c58c3f89da6a7f30bb9af6b36523be2b9e2,0
cb87df142a3f085698154e284aacbf342f7fcb83,0
8089980bec1790b1b6d8b8eafcc9ba78672541ad,0
86bb0bacee7699c1bb7bb126806808304944bfac,0
879c6a64cf748abb7b4fd82d3253e7fb689f77ab,0
be892bbeaa02f253909346328f8a96984e5bc7ed,0
1da0e1cf9a8a5bec878e3ded682bff50c28c5beb,0
2128a3337525cbef81ec74b7bf9ab81bd63f280f,0
7d917db4694c063e0066f5aaebb6432d1c504b43,0
f2d3cacf37f7303bba4758f637145351567f07fd,0
ac5f5f455edbb0e37705e0bbc435e2a25497b1c4,0
65e173b53b7ddadf46de6e20a5ea5d0c4667a549,0
295dadf3f20f5159c7c2803ed5da05d0bc6f6db6,0
f9e44670b70ec541f068310a7ca0ac82cc949a4b,0
075e44d11f883de5be25e3a190b05e922386ef94,0
310125ac59d9c3d47f011886cdb5e9c4ac30baa8,0
038379e9bcdbc13dc065a3cf1f51057019307216,0
8fbc462396b34a9353f38cf2a5e7013c8c715ce9,0
873c57c6dcd75d59d4c7d36398167326d958eefb,0
bc18f6bcdf0039d89e0f199758e89acdb2aa91db,0
ef56adf9fb27843ec4e4483d9d8ee4112a5a1431,0
91d6a7795e07693577176448f8532f6a9993fba0,0
1e63bfbb5c57f84a6301fd7ef32d67e5c15c217d,0
624240bf14c8c0b7f2e781afbb47839c010bb6c0,0
4ed1f3d1354adc1796e964da72f39916232982c8,0
0c9e3b4a478dcf438f584a64b2da41ef5abdaec1,0
1c381549cf97761712345a19d6a497b94767dce1,0
eda1f35a9eafa80e89cb9098e78c2509d75420df,0
e46bd350c56d20b194ed216c5f1686156474f05c,0
8ba14f105a54057162d63bdac98d5332a31d0580,0
e1d8c8bc657afa474a00c2c00eb4f69a461d1c48,0
0afac16c4675892ff2a8bb0ecc24e5a2cc2dea8d,0
76a4f9882a21e2534f2316759c4b0f514e3e824c,0
a1582e05df5b07487fec16557de463375eb43b85,0
aed5301503396561f3616930bca9ac8056a072cb,0
7ce51a49da7709a80c5637f9e49fb6165f46704c,0
f100310df1762234445a270f9b0cfc93db6316ab,0
5e3ffbcfb2511761c5d0bcfe245226e634fdbbd7,0
5b7e738abdf4d2cf46a19e26967d08649d4948b7,0
52235805ab11785b11e9974c9808a41407c625c6,0
56f80934ef071f99220badf7f418d5ecabab8a30,0
bb6682f385395c2c6969e83ee9bb88f62c4cd75e,0
fca77300001357179a6b55816e4f08eff81cdc9e,0
6418250e6ec78a46e5c4a83139fa54553d0cea43,0
f1cf42ffa0c6301b2396be672fe97aa8529c7987,0
bd26010709ec3b1e9528d15a4bd6c02c4d0869cb,0
34b8254d426052bfe72accc3328135ce7dfabc29,0
4837a668d61b5f0ba976d98aa526206d3759376a,0
28051f0f13d2213d21c901bd2b18bad53da7ed46,0
c58bdbf7348f2c716f727f89c1869a75d998e609,0
0698acd933a61dd01f3d229e64692bfc559a06de,0
6ec1ff235d2816600940bef5bf69a3489060cd32,0
9e7e5c5a02d694aa5aeb7b719a1f0f08eb76bb75,0
0f250ebd62c9ed1cbab3015972e0459d0ec20f26,0
37f085be42970db960c4b9767fc148ffd234a9d6,0
e82a63786490777a8b15c5e8f206c6d57ced31e9,0
4372a0494467bae760f0999f1bc3d846ba69cc01,0
cc1786fbc5b7011309fef8a2522224b29d2cde61,0
bef212f06a1245e0b1e24cbad239da415719783e,0
babff72f9ccc55bad39cb3044f3ec11feb998d71,0
30773934cd7109e7ce7301766e87d63efefe7eb3,0
1245ccb8ebd4ffd631c7da5e0566c1ea598a7915,0
05875f1aeb1dac346604ad266914b6bd55e27ea5,0
387ba80f0cb9bb5154cecee4280e5065f436051d,0
e03b76d1f8a87d23e4811b2a55aab5d1cedfb565,0
ad7c8a38159b9f3806e5f256b8b9f268e08fbc4f,0
e8f0a248507c848603b681d125ce07baa34f813d,0
8af28900eb2eb52c701f6c642ddc9e117ef271b7,0
b2d2c7957c78fda95953ccf7b04f28397a9c069e,0
6fd54242bd32ac080754f696f361057dc3dd5c9c,0
2d0ad1b57079ff15453986ce778b0f38f10fa74c,0
163e483fad69cdd1ed5a9ce81fe691f4c3b96db0,0
4af0eb5c154b9b911f944d0d8a145ca1bb38b332,0
bbab85ab3ecec0ceb6cc378179ae74c6d68e89ca,0
a2761680c45449d5027b491acfa4ad612a4d73b8,0
8fd2eca083762c8f7db4985cb7c7293e7fce0547,0
5f5823d35ab944c49579ed9ab4873e4bcca74770,0
8ac85ccec863d1e75887a3ca0424aeaf355681fa,0
a3a6252a25984e1b98d05519e1eb1aa1ae334b90,0
3d9f66da63ded376b0736b6983b2eaab2b012eb4,0
4cefc59edd56326fce4227a62793549c536dde53,0
09ee6a49975c78aab39abd1455137472efb18e57,0
daf44b6e82de7785c4f854df8c2ac13628614700,0
cd47a0467cc5bab9021cf38f5d38a3577c1267b6,0
944ea595e8fe93b620e5cf21722bc76b40da17d2,0
c43168a6de2ed4ba20c8ced4257796288445398b,0
c3ffc79c2c04a36558405d52c995a8fc990a63b9,0
19d836775fb9e919b64bdd128d0f7b8f912df4a6,0
76524809e2ca09509fcdb1991c6580257962f990,0
e55f37f550b6e1d705c73af885a6998e890ba1bc,0
11ce1fcffa98ebdaec140dfd8b5eb0426a857bd0,0
c04899441c8b9f07589b49ca8ac9aba3d6e2820b,0
0e37611fa9be4dae017f226b9ce9280f5c389f41,0
7ddad49493a23864a58bfb9fa7f6756b6fdd05f6,0
78daacaaf982f0e2077db9d2f4bd64a332b5a97b,0
4bfac3661a3baa115c646c14de986c4c66f29c27,0
29985cd7170424fd8c32fd85f8a355bce5eebf60,0
e079ba6949018590dddb9b827e90eb2945312c85,0
2e0198526ad52d446aef30125aa1264d91f0d9bc,0
abdc3f3c5fc50824cc00737c246cc5b402ef7937,0
fe3a76cc3452ec4a3a034aca7c05bcd103390c52,0
5a152cee5f4eaddff34b434412594c2df3b5a4fb,0
7f153e1e9a8e8a3a2b1b45b0fecb88b20db1d6f3,0
6d8e47051c512d8265e2651cbac615ae77ed3c24,0
4baa163032421e814c3a9721233a7c35c372d4f0,0
89339b4156c0a5ff40ccb83588965935be042e76,0
4b9799f432bb9dc933522999e0b4e84e3187e3c0,0
273b687f81a1e48f2dc1bd1850f223ed21a8ebb5,0
dcfab452c5abd8210b6b19f27eda3642dfedd18c,0
392004c8cea2f3bcf483fc7f18d21780d95e6dae,0
42a07afd5144105483d18f87e07f5e5dcb6802e8,0
411a907a143d8d5e85f01c480686f7b9c396cbea,0
26f318a7fa79138b1a28a4df0cf60d61bb72ddd7,0
c10097a9b7446f23531553fe100e8b0cd1316d8d,0
2d7a72941b6d241aa0fbcd050d50bb7089a89436,0
c82ae710582784cc360211efa45be281ca7d5def,0
aa1d50e173c48138e943d3f691a15e76b4a43767,0
9b6bb4fcc70273bf8d546eba3398f1bbf67003d9,0
b0f7e6c5b95ca90178e7020132ca7fdf62c4b2d9,0
145e7b6a4a0748044451f6c2b25bb626dcdbe09a,0
85f43be5ab1bbf70d9cf2e7a4048792d709d965a,0
b8b4274b34c93561ebcfb42a7b7eee684feb1068,0
23343ebe0d4564c57513feec159717ccd19e1797,0
bb0ba52227233afe9834b1f1d8d3f5f2d280f28f,0
c0b2897e1cb1bac28bffc3a59ee7a11fc1280a24,0
8b30c469a6c72aa6fe763b31f12b0eba81d146bb,0
d314584298faf852e66de9f98972aadeb8dd4976,0
f416bc856b44c7b1a44d0f423ceba2e38a714913,0
45955d57cfde3503923548bfbe051a1b1f96b0cb,0
d7e5493ea60cd1dc8d49e1003944e0741c8d91d3,0
4316b322591f84534b22e997731c72edfef3998d,0
019c765b8f7040183ab4639dd443994047a8b90f,0
c62612f116d688abf018bad3d62f17a199a92ac3,0
da5e6689ab222ac4d5b0fc14497fccf24cb6da05,0
fb50f3dc94172008991b563496637d88d1ba62b6,0
7840b776ae86d63c892035028cab1310e00d781c,0
3aa6c1561a1f2c9d1e8c302064569032a5ec0fb3,0
605bc73f4c8f09b1939a96e6a2af1678d2e581a8,0
e4ce4dea9aaebd3a0dc0ccaf75a921aae6622e1e,0
2ea6633291596be6cf3285882cdde2279c56ee54,0
77b8a0f20116e86dc32601ae60cda2acba0c2a66,0
75b100d037353aeea7d22f50c3c3931943de6efa,0
56124e975716dbdfad5ab19e1c33c8c96fea8996,0
666bc02b3bfc7c88298a20b4f828b77a6c6c6420,0
6de48699efd6dcee505dddf717be2c118094ad03,0
fdb60fcd1a3efe584dcee0beb2ab8f06b2a67ba6,0
b783b88838f06080c308d0fee889f1bf099deee7,0
7b5339fddd3239aae607dcc1b7ff59a5022e0563,0
314dacb68e481b9af21f4e7b7bd0519985c1bc51,0
cdb7131154dd9dd2c31508f954ae8f5f587effd1,0
3a9b5ba1edb6c603bfc69cfcb565825cf031dbc5,0
ed3b1028830c8bb0dcdb27d785599e693346efbf,0
3f9c62202ec336c6894ef2fac0c47aae6a4c1649,0
b0c8486c58844a2276fd602fc0b4613b540f3f3a,0
843f0812daa7bb7dd872caf1e0c572e9e51251ef,0
a570b924c981c65679d01f21adfca71025f45452,0
f306f842a7d1a8cad9d5dacab8863d29242dec0b,0
b2a24c7cef9b9c81eda9fbcade71dd24e8696bca,0
d85190a2493e61e27bd376f649bd8bf4245af2bd,0
07ed229304f6fcbd744ffdad0712c0b52d92d303,0
91fa0b1f2f566d85f0c4e68eed7518fc350cc4a9,0
960d64d8529c2c7b6ab15e90f795dff8f824b9fc,0
f1348a35840c878fbbedef0718092397a0b85d1f,0
ea2471e26cace243d743ba1b61c0545d0ef4710f,0
5ec5e51428e84e50a01de50d03ff180782ad5e0c,0
fce0465b704be20f36dac29a865cf278322264be,0
8435895b2eae36c54f335134ca6ec08c690a8687,0
f78935881d80ae219f08b03dd5d1cf44c0c2ce02,0
7dac7e52672c81eab38c9bf3511f91b00e07aef4,0
72734d296ccb46f36a7b0d56f0b810e5d9588477,0
e815734c7462d7aa60d61679bc430eb1f8ff9577,0
d0a27182ae2336804f6c830616d61518ec46925f,0
3d44f5369ca98a671827b7dcf41771a8cb90a3d0,0
82e890eb629c02b9c76d4f0a79bcf77e132db72e,0
3e33ba3db0479063a224f9f7012161e0f896349e,0
e15d8728a373e4153d613227ad753a412a29ff22,0
e33ee2231ae705877a9b97dbda665fd70bce18e4,0
224b1361920304f383d572e23a4e2423884a3847,0
a24a7bfbbb4d58d2e72dc57f00af3ba8080fb101,0
e2edf6a55b9d65116de6d94bcc972bca4d4d13b5,0
2d0a808efd2ff7b5870a06f7c81f7a7cf9517c9b,0
14ea54e758343f57243e8570d8a5c824a8dea941,0
366fd7a72a08c07ed89538e6582e4502c37bd61b,0
6d8bf008b116d1a23097bb7dc5afb8e641cd6526,0
a7ce4684437788ae6f12446551c2ff008cae0a48,0
f294001fb1c749af9f0584e98cff671660fd6cff,0
901179a6f7a028976f456e946a7c623c899bf183,0
50946d8d5c389fb55984faac3f204d35a89097af,0
f23c91b00b2d2a778c04c3fdce7107d750b1141b,0
fdf04da2acdd1c16abfbd516bb4f393064c47b5c,0
6d931681b437350ace11d1bf2d4278812381ffa2,0
247c5d27cf79ae919a9affde37dd3eb3e2ea0058,0
d3b892fe86a0c8541b7b4c9af49c3420634a1989,0
21257d5cd60cf22e37134852bedb6195ff91ea36,0
2fea657daaa15a98919e992afa9bb6334835e481,0
c9723e66046af1401fb192476ba4ae54794a71db,0
406e1f6a8929222458f732d50b0a5cf2712b98bc,0
dec5c5e91429031cc7bd228ec5f9081bc632373c,0
0d37c26167f11d284d724d8bc321a950432869fb,0
5c50617a69bfe81c893f51b8eaf4a7a9120f423b,0
17081b6fa0a097325bf52a05a706423876bb0655,0
18f0801c608fdfdb8da3b88d2f00eb6d19aace6e,0
b83f97960333f4bf43f5227b46a0810a5dfe13ab,0
8267ec18f5f8eec7a5f88c6a63b56f451d2b1e61,0
06bf7a0ae67de84919c09436b736fe15c3e4730d,0
cc578944b2fe9e88a631d7a6ecbb226968143401,0
75db0f3c6d008f5a93f8431dffe5b02de51e21cb,0
7ecb50d9037c323f790bd12bdd45596f51fd851e,0
b186e2d70eee1173057b250e6e610d71ea22d7b2,0
e26a5e5d0a6a492ed057a34627199b2c9f4bddac,0
df9ba5f6a31a715925096ef065097bae9a544a2a,0
faca7d2d5fd223f540cbb4c4c77a5fde0caaf58d,0
04cb625251eacbf3a1f1c1ba9cf1d197146747d4,0
fcff19445e1091d25d124b13318a2cb1d784d787,0
85ce1d6226e30235782e2ebf9cfdea99b97adb45,0
e8eeb8f56434c4512acbc0a9bab7e19e3a1f5970,0
7aefac9329414626509aee4021ea2d7a6af20d5c,0
276f59fccc2a5680599c6cb6e74fa166e0674f1b,0
4f9c7e2e46d8c5bb8c20fba2495cb81c1eaac2de,0
601c4c8184f2123c0a34204c71feb233100171af,0
ffecbe2bb4e27c4a84c52576e0de1143048bdd42,0
0fc81e45f8d45a4619e1258f2f54687509c77028,0
d7980062f4634362f31bf301266ffc25aa8d9d4e,0
d59e4a99dab45368fa927244cb7908813fc30ada,0
659cc8515c45d03168a1477398d0749b3fad514d,0
7989bae0b60a197d6eb19e040ba69a606ca09b81,0
f9bb21748a9f9c50fbc31862de25ed49433ecc88,0
1dc5ed613435af26a38c9055c83d1aa64643f72b,0
2b7030c2b073a01689c2e2eab8d01a1108e5dcec,0
d205ce5b632c1e06f524d7cc08efc645148e2458,0
bd2501b2109f13bf89a06b6ac503f03359dd793a,0
ebd45637090d0748dcf4c7f11c480de00d65a2c7,0
dc618fb1d11f1b14a1ccd249ce599be0dc98618b,0
e5d47c223f94fec3f6b003550a1f873681346823,0
dd8c305e6398699f2ed2c9b65d4f6204002e0711,0
5b75344ace5a8864e3936010524684272145bbcd,0
5b662d0bede68c827e0007b41002538b671dfbb0,0
61f7847a3972a69fb26c38a6121be699948d0e24,0
57580f2e52a92bc13a868412847a58e95e9671c6,0
8062b7a396f2f6d62c036df3e055173a05e3d64d,0
43629b63b3f4c9cacd075b78cb7da896701d0f15,0
b8153183091cd0b4d11430462aa9a4d4b82bcc07,0
360b9e42e3ccb493fdae9b22ffa187c1b57a5626,0
3b555b734032a930acf582dc74458b0af1198ef6,0
406e41d638384e32a29e898b6848d101414e9e25,0
51ec727b5c46506fa637301510d6847ad42785a7,0
6a871ca4e2491202e459cf78a8ec36d173a5748a,0
a0d6c7843f2bc159827c179094bb35e72eab8d04,0
47b2f2da59771406b1edd02e2c306b1f903dd622,0
b93da0203875d622a8bc8a1bb01376c738e7b191,0
25712c8f40e12823edbf25b02aecfb3155349780,0
ee24cdd2981961c6678fa49595e7a04faa02270c,0
27f878126b37b00998333c615ba1bd444f8b4383,0
9a4c19cfb841ea6bc98337352c21579c4d416e12,0
fa66422bd41d6c36fa1dd13d2602d45bcdc96912,0
be70ffc1b22967e3cfacf89e65eb38b16e7c7dca,0
44522d25d578e74175e0908dc6e75e387a631a38,0
0924ed1241ec67282082fd3b977f127d7f229b74,0
15156f145b1cd638bcc8d522f06822e291c1edfa,0
9b2fcf25ce0f95241d6f87c1c04df38065760c7c,0
f322ed28c7ce7f5525589695499bd3df0922529d,0
94bb3fc9ae646c6128a1d34e07910a48b5c5b64f,0
0b661d6ccfaa8c4dc1b43b5adef98b1e5128d6b7,0
c9202acfb7a47cc656a7d53f9277f222669d6356,0
695b5b8a77b8951e658e67217d00460baee9105c,0
600418191ca3ff3263b327877d619c8c60a36d38,0
cd18d76f8f9d0971ef20a2412bfa08f0fe3a7711,0
e130c56b907ed1af7fa20d076af25b390c9d53da,0
f8e4d12aba0872b1f82fd26729a4a23b1bb5fc9e,0
d169a467fa3abbda019584ba6afd813ed8738b59,0
26cf25b51342bbb1d3d193e9a8560dceb8ac0f1a,0
6d045cbf8613e938c634f0c96305b601aa55dc7d,0
5d0737eb7ab64573900e6ca59becd0159acda188,0
c148b04d1819599c2e8cd9da69f7f37a337b74dc,0
b7a2493d89244ac809b8af6b35f2dbec3f86f243,0
76bfbd889f3a0b3fe7988cd01d9427871f984c7e,0
c314b5fbd4f780b69b4788305931f1241d9472a3,0
1f2e113e90b20de2c6b8efe6f52a33e78dfcdce0,0
15ee749bd505b9026830adf2e9c780097f36542b,0
ba3365215e2d8df99b8dc9ba324ade43b8015f3c,0
ab5ee1921f232762860230ad049002bff8f6ab7f,0
047d1904aacc32a0d0b832931e162e5b5719bcb0,0
ac13d90c32a8b52770f6ca7cdde16656220699fe,0
fa64f6f21107ff0ce55af70ea4900a200bf395d9,0
2ca205750ad3e0a02b180369d2a36a39d3103796,0
7bfb88f4e98034d78c5a170c59e4838759bc5f2e,0
dcf935a9ef9909e59f631ecbda6d00e2a8ac8450,0
77d7036ec8e8a76467985285ada364988afa4628,0
488734353f58f3e4ac7db7b256b5140c0abb377e,0
d25a99d296bc040ea3c0f5661689ca2c7ea78125,0
1ec2d6bd8aa8b4d8928c2cfbfc9c46317ee6ebf3,0
6644a64b5aef091c422b8602d89e09b3b6077227,0
95a056e68473f7734445d9fc879230282019c6c7,0
5b226ac65c089ccf4e1adaa90e9e29bcdcf4ad91,0
caef1cca7642bd28741ff42f7cb2154ec61776b8,0
1720064cf8885c37bec2c275b61e9e3b57101993,0
e893aecf888db2d36a69d7100c44512330226e51,0
8bb4a4c7b16266462cfe0aeb5dcdb85012917482,0
1094b902acf20c586732dcd03e41d822690a8688,0
d136870f9e702e0d5720ba03ecdab0425d4b954b,0
b24f61c43784000ffdc728c2107efb6d2399d9b0,0
03c070ecb29770b461eb8db8b5337ce7911a04ba,0
14e1edad94545703e8c71fb53cebc17a784ba844,0
c0ebe624ee58a507aefc34bcb6ff693527d27ac8,0
fa58373aee9cc58ed8e54350d35d93cd1e05138d,0
5e8a4407d565b04807a0eabbf56eb338d7cedf71,0
b29e4294171c74dca10e89a6f1553a31cb5b9cc9,0
67b7bbd05d72344f19eea0e9a2d87ebe8f24643e,0
ce996be06b26e8245f87978711dc74c398aeb99a,0
185a6ce823c31c4dfa79fcf5d6c2e52d43c37353,0
d4d5e1066023479db4b652d271ea7c1982a8d400,0
8a0b8b3f4e919684ea35b31f5d1a927d33648cf2,0
df57d61dff8823b41c37184ce8927e59d749914c,0
86bf2bae703d3c14100b1fb99f91d593ccc4c5dd,0
2d6eb942d08b3055febea1878811db0648e2d6f5,0
f36e7299c0d90e0a0d2386c9ce59f8e1f6a087bf,0
7d2360d6a7f19cfa0f321267d7ce012484f5de68,0
a3c5da2d0e53003885a6af4875e40565a07b05a4,0
81d60ae98cfd5ae0bff1ccecb7654bdbc6bc2692,0
4ab18ec3e70f283fb98c72e3042553358ae85145,0
cb383341e01d084e29790b92d8f2982587e2c18d,0
b916b10041bb731249de100c6a0acb49639295a1,0
16350f698ac8e033cb62818de322c7690c5236cf,0
35fd7542dd4cb1b116865856bbae253d4e2c85f2,0
563ac4f1ccfb156fbf24edff3598a76922778abb,0
0c88631c6c3df2dcb55117d0e972f3b6106934f3,0
38f28bff3b2f73b1cef8166405985a0b54488bcd,0
98f983c7549d361acb982694ff167cf09a9a967f,0
4348e49dc2bc75ee59286dbaa19f8a46e569e4d0,0
43adbbabfb63bdb3bc57ac17d51569a794e945b4,0
f5d8441caac60213b6d93baad182f5791a8f3d5c,0
6e76f17520a18ef75a45fcda5acbd48a3a5a0414,0
c7a8c106067f1583446966b4f91a536eca3f3683,0
2c35091439d473ad3b363082a393b180a4176548,0
e9bda17e9a27e4e8d1b951854baf838f0075619f,0
e7ec659df7800aabf6386420f4575f626b19e613,0
12628a0df9293fe593f01f4bd2ce09e06388061b,0
f97a047dd0dc9f2adfdc7892e43e750cd0234e3f,0
1579f7ff03f53d559a09fe3b2e451ef5a882261e,0
6011e2ab734b5558c93407591134ba0e30091eec,0
439d3d5d372887ea92473f50f8b06b501eddf59d,0
603cc5a72bfcac0c4fc0f94422fdcf5522fde50b,0
4fc083824d3cf3baf1f86f577a5617d14ccb14cc,0
e614670000b73b532c484fca75cb1028cac9ef30,0
e3d6394daddb1389dcdf053fc12f9ab66ddf0d59,0
b5aa1894a9ad51bb1af57031ead7ed1ffe88e4a3,0
dabe3357f495f51181125e1c5e2f4ab6466cdf85,0
fb9f732970489581655bd918b764a401821fef42,0
6503b5708a04439577cabd63896cdbfe9de76558,0
4393e4e0277412b17e364cd659282daa59ddfafd,0
d5e55a3e8a1b0dccfd859d875d77ca33f5569240,0
45ba8b08294436947069d2a2bfd3d9e90c4f7e04,0
4186b6f249ef8d3b25960498868e650fb30fe5c0,0
c27a65cef33f3015a876b1fcf46dbcf53341628c,0
2cbd174c3d372d27cf09a5b13d99aeae19783267,0
d2ef4105fd699d4152d8436e51d57713f4fdf442,0
1567dde09bcd6c21a6ac07d3d4abcfb27352313e,0
ac0d677fd4cb33606dbf60bccf9d3f93b25c443f,0
9c02847d3c1bd152f7bc9efb992753d5ae1aedc2,0
b31d8d44811336a358c85e144b9e7084468e223f,0
5a9723cc14dc4eece68e36bfa2d472faa4c4c06e,0
a1e60ab18527f637a90b65f3f196bbffbf2db16a,0
e8b5ef6908bd87c249900020d933307447d69e66,0
bda3c63b7c15301c5e2a3bbcb29ba28a8355c30f,0
b9f744afb9e9332d81de103b06f7a9fc6d856ffa,0
c4bbda97564cef88ca6c6769e02bcf946fbe2d5c,0
efe4f5d1487811570cf0f395fc8f29bd2a20a311,0
a7269f610f7ac091dac1dd67f43386e5b45fa01e,0
3c5ce4d377997d8800afbb8d1eb8f1d2782eab26,0
6376aa9b56e3bcfde163de5af3e55edd7faa8b1b,0
6c5af90c83364abfb9fe4069c6ff3f23e7764925,0
ee747cf3086a5e27c55328fc659334483f7f894c,0
57a8ade1cb70e096ea6ff17f557439da3011b22d,0
0f46dce8bfabe82c130bcd89ebbf250074f45693,0
378cc28351217037f3d76bb383c4689e03f7f4d1,0
be64059580f5ef8e22dd0fc795f81915dc406ff7,0
f1fe815ea8bc3479dd4f98085eeee3e97d67a04f,0
a3771313c9f1833abf32c7c294ad1de4810e532d,0
c53e5639b7e149e2ea9efe78a9217afdcf3bbcbd,0
66376f85a43ec653ca73b244545e91dfc7958142,0
89c010a20527fef36ee02c0223485f66a0bc58aa,0
f33849bca16182dcc8efafef841f2380cf3bb3ed,0
001ceb34a469923d8b2576823bf8f774017c57a2,0
8d0b6a146f9a60339b4db581b7697deaaf1b252b,0
e4a6a3ca3a5dcbcbbd65edde61bed03977a75af3,0
8bb4602a6a10de4c65ecadf8e26ee503fe9ada2d,0
342b4b2ebeae12c774a3f325411fe19eb6df3d07,0
f8bb11cf1e85936db56754b950183d7120918dd7,0
bc7cadfb256f69b0cd32cca91b1808cb459a0f67,0
b9d80c7c713bedba5bd8a40c0e46b25d32c0fa1e,0
f062916034bd51af9eca2b388d619d5297e5549e,0
f19a37156f9a3e48439eaa0a1f7ccd4da096694a,0
a9acd60023f62d84bc1329d3120f92eedc35d750,0
d1e8649b6f1bc794924856ba736555218aff7d91,0
cd07feb1636913d4640fd08eeba51a5f2a56291b,0
388dfbd3f2f7ef66e0b8c62797c99305aa964247,0
debe33db276da7683f6e7098191f740025300a16,0
b702664be09458c06c7270520c4500b5764fc036,0
cc16fba7eb26c9d6282e5f705e7c378907b19db8,0
2ffd47c332f49824fabf65fe3d310826e4fffa57,0
d4fca5edf6b3ee1636458243ce6b20ce217d722d,0
82cfbe685ebf0cf5db057c7f29216da5b5040bdf,0
f9886befb7b88b6a48bab35d5c1dfa7afeac8c2b,0
7f44071c6289553cc3329a9feb3e22115bae7318,0
e88831c2367622ed95f0452433ccf84ad33d7106,0
946da9d66480c27a221e6ef1282c88d7f81ee8af,0
1e9f687d4c2121920803faee55ad61333e7a1fca,0
db3c7a7da16d6a955c71aa3647e72885e09211da,0
4761025603e130c659cf40e5767c766bee6cf537,0
3b30592cf1499ce5823d2cba83a242a0f9e4332a,0
383633792e67d472d3777fe33ebf4e3f8bd260c2,0
7cf671809888fb33c420bdedae920337a479da67,0
c4b93a7275b1172f69e53cd8cec7fc27c954a5be,0
fe12e5f46d01d987d68fde8925a6425fcf8d6997,0
312f454723d0e8a5137621cfa72ad14aa2852d92,0
349873e4e5431867395367cf54469414784afe27,0
1e8a17eebaf27c7fc690a15dcf87c6cf5f8542e0,0
b6bf98b7e3f425f767ba9bf4a931921081b3bad4,0
fcc87199eeda9c28de21619fc4f522dbd1ada184,0
0edcf71008a2e3036f42404fb22ffbbaa0640ca8,0
3beab910e4fa2fc169f9db9696cc216cb9a47720,0
03283b485cce9cb1a55cbfc3d1a7cb4cca60ae37,0
ba559195253cbe42f2f04642e93bcb7e72599005,0
e2feaed85df37bc91fdeb59220c90fac2d3ade4b,0
e4a3737c6c07420ee7c27a968c443b04d71c3eaf,0
ac09c383d90fc2dd702e111699ab733c6e28dbba,0
f299a7ec73d86bd1b2984bb9fb95ddc9630425b3,0
a259ad424d105c796e48d826b3b258144d3e0d19,0
ae193b35fcda2dad0bce67a2749fa757207ab3e5,0
c0d692324c460ecec36008c65c73a8c0fb4f5521,0
4d24d49dd99b5d264337f5224d4863f2a875b9bc,0
68fd9a52dc009f46a8d058e78247a81cab5fb663,0
96d815805a1575128aa8b3de8eeef5eba9ae30b1,0
4ac5ebe6a29969b3aacaacf8b0f826133326c343,0
0e0cac6d6c564663ca0acc0208ee660cc84ecde4,0
268a77e71c5bc2557833e3dc4c78e6af6f7ee710,0
9416f87a3a22c7db10c4256516ac18ca08c32b1c,0
1690b61aaec2155a96804bdc4c6e455558b94a21,0
6b8a399cd55e3a33b986732eded9b312dc3355b6,0
39cf5bc32191093a46d36601ea7cbb020b2e7bf3,0
cc9ecd90f9b3551bda90039a1fda31d91aa2a40a,0
0d886c2358c2417a402b0d0fd575d8714c98d043,0
ab1f195d44a61b2a01bb4c3f626afcacda978867,0
2404939a4bfe4681925903bb2d1a0d174217942a,0
aa3bd7ddcad00cbdff2f5d745f8cb8e02acbf6b7,0
0b28374cea07a63f32ae996c9b43f2dd519cb478,0
de7a2666a98ff6c65e1993aa23829ba30a1e61a1,0
8fac62dd211b3940291190a78ebfdb80bbf98aa1,0
63a111bcb0d676bea8b2568330aa7c01a1d35c3f,0
322b49f7267ffd5f1f4b7dc46b24912ec66f7d20,0
c22ca8c6de19ec24e3c2c5ef929c81a22f3d61a1,0
19a5c5930a6ee61a44712d02690383ab56c39c0d,0
fe29c2dd861bfc0fe4c397f9f9b220b735ea4ce7,0
57e69040a10e6db1e71336aee941fdd03249596c,0
0bf39837426e0385205ed287bfc4da5e865a886c,0
e7f0ac87fe0fda375e1ab1f61ad6cbafb321366f,0
97bb5737b3df25c876719851eb59d4b2c68e5616,0
fe4cf39c6c7053f880dbedc6b0ba2ea1e66b2816,0
b03c73b9607fe2c49678d26ba19d9bf1b342e7d5,0
e36fc4bc44cf8b44ea4619944ef518f0546a703e,0
e900997b43f1c2a060ec6432bf8663dc942a198c,0
4f60e5229d741623257a0053e613f44721418da0,0
8bbbe31ee3f78967ccfd67d2eafe5d5ff58ca8e8,0
2d611069d28aa79786b7503346ba5a7c4fd3df54,0
b01e9e0720f663f3e4fd0dd0a03e013957998f84,0
27f1c3badc173b2e739121dce36b3a6634dd3a65,0
466a16575d4db6eb942fa2fb53bdae3936cfd066,0
684bd348e0496cda429e3f3b32dcd70cab85d5ae,0
c247c6e361bc1ea677526418cbbc2eb5ab2d54b9,0
3732ecd015fcc1d094ceffa2c043e7f9a533d4d2,0
e6cf3910331d8f7e2b862597eec5d299a3fd5bf3,0
0ae2de4352d2b2d775806f9fa8e3ab1340d83f7f,0
9c52f372b4c178d220e164e958210408d98c25d6,0
98e5d9b053c2f3a58aa859440ea81e5e87abf9a0,0
1eb2088b0aed6b848a06a4e472b9c02e711b583b,0
f3b69d8d4dd284515c97978a0b3521d40501f2f4,0
182b1274a6b50201239b11f9743ec851a087699b,0
914267efd6f0a59dde4908764fa4a6fc335b9b9e,0
a44ec12c0f7dc53c50486177710801c0e8526825,0
a3049c578620a5b478d7668d8585019464c0e31d,0
e255862130157e622494c53f2b368ecc3ea00419,0
248e5093c4a28c76c08aefc7ab8f04a1d052f69a,0
5021d4cd1986cd41f425bb59be6041556d88790d,0
6906b1a19e8e1113a9d07901fc94cfaabbc610e3,0
ac007527d3f20f0aea8a44614fdfad9c588a1448,0
f64278b76a9fd3146b505c889b9e7531573a11c6,0
a6a20929e0f6b25370a57d13f57815a6d06131f4,0
eb0d74bc8ad21b9ab7f588a9fcf129001ca3d09f,0
3721b60f4efb87035e18df7c789f40592a600623,0
63ba82ab1b6035bd26dbc615cf722c40f969691f,0
3ce16ccad16c15f607227606a65148cc6c84e58a,0
0aae89cdada593b8990fc45e271e689f6e917789,0
95c0edfc4d3557d5a0d70f21e29cbb1db332b85b,0
f5d6d6287b9cb8f052e8013ce082ab2f9a2150c9,0
a1d05cfbd8fc94c883e3e5658e30da232d40526b,0
0a28a52b7b7a73b19e97e54afb2a905f2d22d123,0
cf1644105e0326279c6d8c1cf067a045ef5d6bae,0
46b355e9c90b3407b49e995b519b2276809ac01c,0
7431e024984957b5fc1e2092ca304cf786eca8ce,0
ecfd9ad84c9c4b7e1f09f7a8368f954f356e4e3b,0
0110a996fdf2e25217ff5c3c54cbcc625e3f0f20,0
4f92ca6011dae1649126a56ab0077d1a71083013,0
9e95e23f8b114a141246ed8ed4aab2a68c94d1be,0
af7bab91aaeaa4ab479e2e41295fd69226e04f95,0
a5138f48e8a08b57124dd88d7b41e9ae99f4e59d,0
69824a90e8be025b922d67e84def48e40fc71412,0
6320e4fe55ca5390894042b4aee769b640f30aa2,0
700dd81e5bc3e30586b168dca6b8f54f0e81005c,0
eae9dfe50078f332847a65db0f3d8ed9b330cf3a,0
cb9e256f9e69ebdbccb802fcd890d5d181cdd1d4,0
05de0f3b3b7ef1785c4e80c14c3009d73230c5d5,0
8e4ffb044bc78cb8c317e14e9c25b0affc28df73,0
a022b47e7808d165401115a1b40fa655acae63f4,0
cd3ebd62f1189b23704a74253290718d80d1a1e5,0
f553c9246ace9c4e19ce56ce81ebf90079b210d5,0
ff5b4b45dbea1522510e50dbab2aae65cf47c6d1,0
01c19ebfa73e98ea8d5a56d8c599d1e864938734,0
69d178919b0d9d1b015c8d80ed2c6e338fb1c5e0,0
e9c7aad39ad53f68afbebee8976c7bdc46941d92,0
7af7df977cbef0b4181ad942e0864a69073433f3,0
5f1990dfd0b2809e22e569c035ab7a67adca54d4,0
a80de92017b53a313d548a868b746652ce6435cc,0
8f3cd78f4af31975ed66f576516593ea3f7a5c41,0
b455d026a1c743e4f5362007479d8cfcf7d4e01a,0
dee5abd5c38c5274b7ee88b15dd1bb90b4212690,0
4f3bab6fd20a46cab2d709c8d1e51de6956fc38d,0
2503f516334f884a39ff9c82bfbd64c720bf26bc,0
5120797447ee6b029f483049db56cc4aac673e50,0
7171c74b860be6b434c5fd3f33e2e6e2bcb7b33b,0
294fd27a2037bef673bb89b66982380a62012590,0
173baf88e4d0fd247addffa7f20019aaf3ac9a2d,0
774055bcbf09322a0d64217e0f238c709987c573,0
cc62a4597e9fb544a04cb81a8d78879f4663cd35,0
e7299aac74b2887477aed464bfa9813b87f1fb7e,0
d439d4e92e8531d8d50bdd406cf3f2096186d700,0
2024764fef7f1df63b275dfef443c320c554f744,0
c0a2fd10f31e452c30429dab277fc9c265263858,0
ab62bbedd602c800d219999469db88b9a6ccb38f,0
223afabe13faa77aeea5f2aee2671e6a6c7f67cc,0
c45994e38779957dbc09d74831aaa664e7031a46,0
698b384a95456673fdfaaac2b9b3088dfad6f2a3,0
0ca171374af25573eb4956ac0bfa6b65d02fc561,0
ead6ffdd5f924cb7b100b3ff7fc2cb9edc17a66b,0
03bf0d33143ebd13e4f389cd4ecac8aec17c2057,0
f7c43cd216051aeff62194bfe1b98a7fe7f75c9f,0
01fd9c792b8a2f3a7206d43c21d34de8135eaf6e,1
f398b292b3463ffdf104db050849de74962392d8,0
155333ae881e52a4ad49b3de6cfa848bca838677,0
ff84d7b2e8d89555c518767416af0a60d0f245ba,0
d1059a2fe9e4d3a4318c15744a658701eaad877a,0
e97dc18159bfd8ae0aa14aaeb6b18d541cf03e3b,0
9f21a03adeb43b02a548d6fb79984c00ce5cd398,0
1f608abd1d869fa4d049482401ad4b901342fd9a,0
9e190453fabb03149644a491f498822a996a9ae5,0
bbf95595084bddd0fafe9769da66da4c6590f79c,0
fe4c5b4fc40f6bb1cb5698d87ff102baeaaca4e8,0
891a13d5a9a328b20aeda6330079ce4f86e6a991,0
3a88001d966aa3f9abc03e8116a3d9981e4a6cd2,0
bf98493511a848355f5127abd69ac9ac51ea709f,0
9cad8211cc6ecf280e031d9c8b1c0e985d70019c,0
b4a590075a41b833a8c8155d61c17b87d5bb83bf,0
493de4fb1d1a1eac9c9993d23a18a11f866b41e0,0
0822508475c82d83ea93edaaf6b6d3a7ace3778f,0
d1dd46c9fcd8e12da4bad4eb6dde64702de410bb,0
ffae22fa23904573ab0e93c5c94e3884e5e16f85,0
6e9369fa2be92b3934db589142114a52db69f469,0
8f4d8c84418380414a4858d4d59eb8be20e4d13f,0
71ae282ead03e312808b80b2cc3214b641496bfd,0
50ebc0f5446a38762932f9f7d202856501b2c9c7,0
0e8d49f7faec3de3c3068013717cace0ed1c6d68,0
91300eb4de2b72c7dd6a2f300ccb38cf9e4fd99c,0
6557ab539177a1a130ab33c0ffb7c3ed3a9c6c4b,0
6aa38523e82d96491463f0ba561fbd6c1d13bfe1,0
59209e74d8ab3499afa52669c70081e0bfc5b52a,0
12de3e6987699c9a58853ebe0887586a243de3b6,0
1b0bba01654cc6912c7901bceaaa18de900030e1,0
452c628c21466ec4f68d90921c8ebeab362fa17d,0
79c74067b3b43a4d2e04b054fcefda3da147d595,0
18d5f4ba6e975408c9c171c316fcd38eac2d981f,0
2fc302e1ea9a5c0eedba4d27488670467c823190,0
4d24f9b5ab7fddad2c62a6ce47ce9542835a3981,0
0b8ba2992a76c889864d697a7122c5e5d124d87b,0
50c667a121b91828f50593850b94faaf846fd643,0
19d32298dbe7f2bf24aa5c200984eb0168cc9fb0,0
24fa94e0dbe879517e383605c485c997b26c8da8,0
043a39baa8befc916faa0d4cca714b9fef2c19b3,0
ccb7ab62cd014b620e0755788e7c7a9fe9d3c10f,0
37fc91035983235d24e88368a7bae3de38789640,0
b110c5564a706b6f2233276fbd2309d91a341774,0
d70a041b08520a1588113f1fc21cc27ccb03d370,0
2ab24146742814814a56c4277c8e25b2238113da,0
7d34cf8953640dec565647d91b6f73267e83babd,0
e0c466241667b2ec655140d7f13d594adbbcf610,0
0c1b266bbc36ae308082daf069f22ea17f02a9f1,0
887cb69dd69e943be4fb992dadcf9160b1fe1771,0
d1c70f6df766a10aebd723c1c457b1d3c70bc0a4,0
dc1e59f156166ff4034277e3b74ab74a3631ef82,0
9a11a6fe9a17e08dc623e08f7a9e9f7b63a77d4e,0
03ea92c18849ec3b16ee500ee4d4951bf601ee1a,0
c3972721ddc2d48721a45647491900d9d4a25d78,0
6ae799cf8aa5a9beabf1fade3426f85f9961c662,0
6d33f293f4a237eb4c7620f1f401290c21102eb5,0
25dad3dc365409b37f545b9da606cad7d3dab384,0
78983e7db940b3e4ce3bb9893b8cbe48661656c6,0
9431e6d5e410c417bce4b4e8becaf3d7c634d70f,0
a09b24673d2b47db6d41ebd75f42deef141a9592,0
e4a4f0d01fafc514dc5340ca9860162b64d2e307,0
0b28bb7dfcd0fac52955d69aa2e0b6797e8084ce,0
fd61497292c15e89d6c67e945be0a12543ed0af6,0
798b816b5d583d7a9ab63c2cea186779ed6750b1,0
4d745ad3ddb2cd7a83ac092ad35f2c46f57c211d,0
b6e4263918147d242e49c031972522a0665a9245,0
79ba01a96ea52ea5b226686bf91020a2c7518dd1,0
9a6747aab9c8b618f5555ff76e31c6da7e402a48,0
ec53b26f490c188858657176bcebf9dc482e7c1e,0
9257921db330806a99f8a50d7af3fc93c72d18a6,0
411efd510239d872f8695046745251c0b1450abe,0
4f7e4c3a225f4b276c4e65e1e01e991d0e65dc57,0
f4b76f86d28584f768e8eef740e2b3a9858a1920,0
4bb1d475e65330914a0e47d2499f027e6731a245,0
f91d7d6a911ed3ce6d6fb6751ae150342a7a0cc5,0
71b3ee43dfaad43ed5156ddda315682bea5b0e8d,0
a10b65a40bc48b1052e9319074023bb595f1fb54,0
55888f0bb2a538a2f22e1f35a166495bbad53fd4,0
eec22cc8f6e29203d8b1e23d56278daad7d4b7de,0
cfd74bd432e5e5210516c533f6525660a5baf528,0
6bd796f077cbc0ff11a8c54f5cb0d8b62805ef82,0
f63fa265c52c0422acb21a4049202e4af4034748,0
c49b0213bbbfd9634cd90252d25efd1555e9f970,0
17c16cfa9b2b358dd946b1e698da4a3ee2241eb4,0
23d4b3363b867a3dc9c40d6b90831d0135691756,0
36b27da17c1088fcb7978b0b6d6601833b68d371,0
ce75ee2ac03aa084ff859667d6f7876807c1a1f0,0
d2d384e9b3fd15fbe608537fb82a806e09115923,0
df673f2e8cd47a4ee3af18b78aac1b7c6cf80cac,0
cfc78759480f2fffad23e33671f6434bee1d25c8,0
ede8bddfcc21644521b433c4b92d2b222f2255d5,0
1ef6890550ced5a90c50c5ff2c93593875f43c87,0
0290aabd23ac54f5d992cf00deee4f47e646ece8,0
879884f0af5c7a0a9f79f3998e7642aaf4177097,0
b696e321d599319a4bc94e055af27298c979874f,0
edad71ad47d5f78d7cc93f2f281bfb3b60c56200,0
67400d1f19d499df3e3701dbde57e521bff75d9c,0
5edfc77b8f7145fac330d2d9df683be3d4f96873,0
1ae3debd88ea226431788e453a3af42287ae55d4,0
6c2a1cea46f8a26c4e9af0c4e693fdafe04b68a9,0
bffd16cd88ffd6a31d224dc85e862c33b76065a3,0
7c0492185dd4d53e0a452e786fabe37e3ff7d5d2,0
f282ef7c2f101c67397289da236e567ebaafcb73,0
c2319cbf65acfc6c42a1594cd98ff5628205afcb,1
305f9facaba21515c001c64e78504e480bda07d1,1
36563b4839dac14cc2926decc15a4e2981b24311,0
51d115410e71b88310b8131f13e94764ea0f6b26,0
f26315164a18974a35f3880a8fe4e90615d45b5d,0
a630fe611a9132c9ec660c51cbbeee1814168aec,0
757ec5a343c428c2572e18759ff60b130d176ca0,0
f58006fad338606cc59c59461807f2043d4fccd2,0
a1d430a2049651a7f582a8edb36c3646a45e140a,0
13ce5e58e91c789ac2132b33ea639b473d8a70aa,0
4417fcf9b16bdba50c92595f0f3d991f02056e7e,0
88a92ef1b40cf364dd95a7be6be16aca404cb815,0
eb9e21920c6751a60d9a0a8619fe1fe26a4f56aa,0
dbbefa6d44927520c38a55405d9231c78fbba4c7,0
234f4612f37cb99a7d9ebd5e69eee9e399e08a33,0
b4257c99ffc4cd4fff537450b65a1a188b72911e,0
379badeae67c75db3a99bcc2b58b4919c885e845,0
164353a6841624732ae6a9b85d8087a2eade967d,0
2e71c4c42cb30d8bcb8d5af0f6c672aad191ad86,0
41936067ba73b6ac2a712e964119e234bd28e458,0
071e416c7c6419b6f454c46b40b7ec895cfc9997,0
acdc74d0e5e725ed7e9e5f1bd375a495603f79fc,0
bd1cd3bec8acb7dfe42c9a07ea12bc2711eec177,0
b3ab97f7b60cab40882b3cfcad6bbb9ef9391d46,0
c011a61fd73c23bf1491d336178945d8729774b2,0
49c51ee32a470362a10a9cee82f6a1079340071b,0
1467e943437711c3b370654a1ff09ede29dfcc3d,0
46b6539bedd78792bf5a53ebe1dd8fe6040bc061,0
0ac69d75d7f27098dd67c7f1b186d8785306dc60,0
7f6c7042bf38fbc466e163628b940690411988b2,0
e8debb9317ec6f5bb4c3b7721566a7115c353252,0
31b60d6d3f2da7e1b871b466253ef114406e96a1,0
078c888d73427e6de13a56747a3e54e470d8f06a,0
020ae5230f35da82f702095ebbd50666f2051217,0
29e6968000da904640dab4dbe4fdd304c139ce24,0
9044f4eb32779770162b1fb41c1dd259f19bc301,0
21c6eb036c5fa43f5f2cfd1ffcc2be7263fd80f0,0
8b1c2db40ee034c9f3a4d60ac3870791cb01ed72,0
de0c4f3ad5238f0322afb45fb0f13d6c5fe0bb38,0
320a7305474bfb94d3fde7a06ca746ebce08ffca,0
b63add3c76ddf4bb8490b5fbdc55c2a25cd8e55e,0
b157f513a6de96331cc2b416182ca49819843bc2,0
c3ab43bdb8ab6fdfe2e2520b6ca91a7e7d7a9259,0
8598bbd763abdd16b9ecf7e09ae099f7acb0a4c9,0
e3a8c9df14e8ae123c96ffae433a327693dc04b6,0
c2eac3e4cc3ed56580d610eddc358d2c19e9b6ef,0
d543ec4344dc0dabb0f39d4df1c0edfc5a4a1b67,0
a352bd937f6f5473b175457baffbf0d6aad8ce44,0
f6ecda192c94f5ed4b4859ad041b8ecc775f874d,0
c519f5515fbf9cd4b213c1dfcebff8e1e37330fb,0
8b9893cbc7098ea7f643f19d673cb7f83e97335e,0
0798c75fe3b08ce4128bf161622988c5b107c181,0
a8f653e65cc9a5ba4e8b40898a3971a4c87cc42f,0
fd98898cd2e2582c7086a12fb757cc5d5616a1db,0
3009abcecb0eef6b6bea163d784440eaca110de9,0
5c79bd6311bf9a70b81691821330462500d2ee67,0
98c3617e2b7960f82f4de25b42242e57175f18d6,0
4c8d6272eeabb6be03fd07cb3b7931432da87325,0
fc18285a5adb1b199b28ea4832688378f692d390,0
8468b0623c33b19814e1aa023cf0709e6072cfae,0
8dd45d4129046ac0b4f819e916beba6a699bad23,0
31a11b3e534234a274631c501a3bb8321bd33d83,0
69bf9b7f0500f34f10034b6e88b5c8daa04e5db2,0
6b52d5c0f5d1b74ce76d75025584a8de6090fda8,0
93440887afe6fd3e0b6cb5dbc3144eb8a86233e3,0
6716ff568d510ba6aef5b63cb99cd0626b758098,0
62041c8d3a312f9c79e39682486a7ac8238f6718,0
17570d4402c44bebc9c9abfe83d690ef5d537d04,0
bd2caa7aca0309b961213095c0356ec70ace3cb4,0
857f12cc2cac6516bb71953a430a5f002426d700,0
c548baa5227e1aff6622ae54fec1b8ba8f653658,0
b2a27e052a08cc047beabe48b7cf17f2182a7782,0
0bc3fa546fffdd0cc0eed6759c6a50de05e77ba1,0
0fb3408ffcd2c9e57efadcf500b093944cdea379,0
9276d327db6cc6fde14352115345b4a8873cf068,0
5adef8968d8d31395103b7ffb233b3df89b7b958,0
8e85ef016854fd6e1988cb34c31e986a281fffd7,0
aa9f8894814e0d51db94652667453dcd8b59461c,0
0a4d36cceba1bd8ad71d2e8046fed1b8f26b14a3,0
b10110b1ee5f14e1a94b36c5b14e72c8950850bc,0
e6016697689f13d7a54bc2cc4aecd26239ded7a3,0
b484dd441948809d0ef3e3bf3acc19a2a4616d57,0
c8ea3317aa538e623ba219719dee1d860023893e,0
6f9df09337f9a7f07c2dc689b763cc033d613587,0
b2e6f04b917b3f39a73c64d7c15e3117233c74c3,0
39443c1b8e5f75f3ee75e07f68a402789b298640,0
88aef822742366edeacdca51512f9e61182577c7,0
545bc9aa631e8297fedf4b2adc06ae4d7c4f8c0c,0
2ad7ce68034af90ddcdc3c310a39d61f20e2b79d,0
17e2573b29ec41886e4e98cac3bc6611fafe243c,0
870bd4f2468d9b0af9b71f1e192396b3e482924e,0
279f3461b310661bac99cf13791feab3f9b22c61,0
58452d010b64dae687eee8bc50a4444916cfeee3,0
ba2414ae08d7e887f6eb7d572824574b783e5f1d,0
b282b4fa79ba8f9b520e01baf1a2899272e96c02,0
d7c8720bcb45f3a7b649f850d12e84da230c201b,0
11409b19e43e3df43c58d39986ee57ea5c9730c3,0
ec47d755b8f8fcffdce021e367ecb2a97a3303d0,0
ca4770ccc56af5e9764597a0cdc4768e12757c02,0
1a2797bf312611fc40ac51ca584d542a2d6419d5,0
439c6845739a0a6233e4a531572e4a6fc1cc02b0,0
222bb7c86571971626f6eab3adf9c13fc4155dfc,0
0aa433359c222fb8e0e5a4f77bd67fc1cbeaa21b,0
07e0466c3bfbfee16e500f2d329206842575d690,0
701e88856da1223a34eb6ad7fd133e0e0644c4fa,0
63a1933ed8eb04a1b7924238710b8740916509bd,0
562c880b48b56d6cef6095be3f4793141fd9fa24,0
27ee44fb05078102402c2b7be6ab7864063dccf6,0
dd8153b791a4c6d799dd28ec4ae53ffab1e386cb,0
718a4e20883e59249faeedec17a25bf507ba1bfe,0
b22cb42d0640715726158f554ba0dbc97dbdf13c,0
c70fb01f800d35edec8273a429e6ba022f0e7313,0
57d42df6e345a83a8b647a279ef23503530077de,0
f1a42a677bbc6e36fc53fc0812ccc9877bd0e0a7,0
dc9fb15e7f12ced397fb3bb34f29af7ed7cb5704,0
d173b87c76c727ce4fad424d2d7307bf3aba5adc,0
8c5e117a0dfa6d3082e5602ae7c5615151ba07a2,0
649ea6e4d002e38dbc599eafad6b7a35b8a07076,0
e62c59c5b34db92a38e64c609702616ebe8624db,0
e4953ac9ebc3d74af4c6e4e5f4d03a828c30ad44,0
278370db35d9b784890f230182f22943a3b0f687,0
14868519781010ce1c549324a298c284354e42d0,0
e112f14bd993510c1a6539d9c9a9864a03060f48,0
848f7c0f88f2d92cd8d2f63404f2564a1bd7697c,0
ac1021c7f42c4dd2db26482c595ba289783c742e,0
e8b35df457ba86106f8a86e6b0292f6da292b5f7,0
2b08ea2d5855d9c9c4d830c8f9db5a4d4edf3ea7,0
9876fe56544e0461b7283255cc62bdb928f71e71,0
8bbe52d6c7cd2de7f21ddaadc3919beb8a7f67e8,0
a1e12a1004bc437f2a959ac11acba52331f70e5b,0
38168058d3576996b1721c2d430340916c8421e8,0
42ed613509915a750fd1a5f27b28d7f2c49ce7b0,0
bda2b311a73eedb80527e58641e4f8716a9a3e96,0
3ac78c9fd474b13b217bfb6579fedcb6534f71bf,0
14c7170ed3f699bf75b1bc55103acac3cbfa5316,0
4005b2cfbc21d66b2998925a64e59f22a64b65ae,0
93e35ca9749f147a46a6ee9c26c250a8e9f5d27f,0
169a9af7519baa8dc55e725a4214874e23d18b16,0
bde523a9e67f16b4047bfbc8a8fae44c4904d535,0
65fda3eed57456e276c60d71c272c39602e9c6b6,0
557975a604a26e8b1cf651c1fc0db00e39bf62bb,0
5a14d0a00c9861f4dbaf770c0c87ebd591c8ab5d,0
f79a8a1268ca9b4db63c3f8aebee962c90bf138d,0
9522c67103368a4482e91d52dfe7ac15f5ab2260,0
80badab34b8680b45535f3d118d12163d0e44385,0
b7b67f404deb18cec259f51d46aa1b37b86b7356,0
f9542c07b8271c829507b538462ef4ff2b80bfa3,0
ff82e4414b9f14eabbccff77aff09d672b20da04,0
204ab8b76c8839725f79891b04504345a8277a6c,0
e082a449d8047e0d192f8cf437ab56adf20fcc87,0
0d079b045a4c3f775f09294bfff44eff069f4100,0
8747c860df77325a1ac6ddb9e77e9960cad11570,0
0e336f04a7414983f206d8747880fc52f1cda033,0
34041ea840a4dedb284c36c3a425753b1043dba4,0
8485febd8cd603c14caa7d7d48bac171b0aef63c,0
a82d8ab40d507cb8559cc470ee60b64abae9d3a0,0
9a77b4654dad6d3b5335743c27621aa4c090cded,0
23e195ff3e49afa78dda597fa85af57b5d4c457a,0
81290a61147bd803abd5e9882b996833ceb3cd4f,0
13d2ffa4480008609ecd6d2414b86b4950b272bf,0
8aa5881beb64d8614d8a60269c5f734971304211,0
b667d9d8e8953f68d8a73b1177cd8abd28f82707,0
449a1efb505dac227b69054c15ab092ac0c05a11,0
2780cd7687127e0e7d2f165710c29555c1c5bef5,0
584ee542a7da816382d86b7295ce466b8ccc1bcb,1
fcc858879a290d3e12b0837beab74927074ade57,0
8d065c9321a7180a4907c776fd0edc156bf1a5ca,0
17d000c8008e48383027f5de0dbc4a06b91faee3,0
0c2ba6885662e52fafa1f702f72680f0205f2c43,0
1946e287a5c9e97b3ba444b06ceae6fa51b2ae9f,0
7e803e63fd339ab97ebdbdb6f5bf0bd594cba6bc,0
67989159c8bd9f174ae12151b89adf65fd622c58,0
e9ee891889c3f8e2ea13be7588e97192a0fc901f,0
14bd4e872869a4b20e900b80d833e1430b17b57b,0
6fddb82f9ddeedb2268987b057ec5e374bad2fd3,0
6de4ee9442f7c1c7a037c2bea543ef0919f6d88f,0
f5c9ccd4bb5ce3a6ed78eccdc6bd513d24541049,0
71597d599e0fc3000a8f255a6ae23a18efab505e,0
51d3529d6f4c67a0349e258115005da061fb48e8,0
8a1b37cef8e33305b4660e8731966f03a8d8936d,0
13e3c1ea0e29367f450073c0854dfe700f9d11e8,0
015f046bbe75d586d1177c6acaaa2cc08581c7c9,0
1af8146099d560baf296d21f85231357831fe0b5,0
393575d2e289b49c4dd2b07b441cdbb5dddd4980,0
6ee6b9be6ba058328dfeefc147fb5cdbf0b4ab7a,0
d9131bc0765ea5636cae044caab52af19483d222,1
5d3b949fa9422101dcaa793b06cad656cc4359a0,0
9af2d5874797f57be8ea7521828639132cf9697d,0
47ecf763b4ebef66127f551e7e31c000e75059ac,0
8305c1be1205e5382709355673de6d68f53c8ff2,0
59e8f4d88fe87693a0ffb8d80d0bfa27a38dbfcd,0
19cd06cdfe9c164db27eeea27a9d84e4940b0f75,0
6f834ac752efe31a3336a461ff3ede355b124f10,0
89f471bddfb18394d594e0e674b71dc1a7dc0183,0
6aa36617eab4cc5048a83dbbc719d901ea896f46,0
86189ddad2a2fa5ae18c3aed6bad5c31dae68156,0
5efc63d6a64661b3261ada7082363038239caab4,0
32097961de8e4f9a0e6f579de6b395bdc30b77e3,0
c6e75535b2f622a82ece6831d08b02a4054f3a37,1
73d0a61581a05b01eaea52245787410da2b500dd,0
380e2743f27b01332587709344b185176a083c8f,0
a7d889891a0a3b9dcbc542f8deae8f987e7ac5c6,0
63ecbd4b4e0521daba444db501b92b1fabebab82,0
a413fcd5cd12de9c39689361ef7e5b730af42feb,0
690ade563be903627de8d306b8dcf74617f07b42,0
2e37deb6a7af47e97462b9a02529b67891c1949e,0
0838e97771541df81948fe41db9e70af1abafdd1,0
59cdedba1ca8014660d6b2954e9ae64e4982738a,0
f9d295e2e9274a94b36208f937029ef39370801a,0
eb4ec96d2ccea918ba717ebad246c72ff03b63a8,0
c6f0f4f4ef3da077e5bf9673fb8295c652d01478,0
af3e1636e06f2ac35bc857d3fe284aec8db61789,0
059292cb98a6dbbb77c95c57a1ff7f7417859ef4,0
cb65a584ffce17be9ab62501c4d00012e6082025,0
f5fb16346951d90fa263875d448824e150d97fb7,0
f12858878ddda20cb1c3ecd349ce1883b1377984,0
db1365a7bfca779a8dd6eca5212ed257d9106dcb,0
4d8fad9484b13b52ef016e0bb8fb49e3dc05bd32,0
d7317df40518cbbe10fdc464d5400fd48e18dca7,0
7d8dd5e72c1f7414e10a43f5f0a9cf5abf1f623f,0
714b31473067d25037054785cc0a01f02abfd2aa,0
39b80b8f06637dd495424ca036c0c330bfbf5b32,0
82ebac3d1fa20a7f2b7acabb92535508cdec06c8,0
1cb1c595e67c9f0615d44cb70d39826a0b1102b7,0
d4e3df540fd17d4bd0b309761f71fcf047dddc93,0
447c3d5d33e387ad2518d4fd38140a7ec0bbf998,0
18c30e6fcecfaf7203f29533f609ea86a9be5961,0
58a0bcf6d81e096a9db615a3a28fc98dc1142f56,0
ec326557695db0ed4d896741c5370fcc46c4ee59,0
55c38a0487d8a2e56ca985840d348cb0bc56dd44,0
7305c308408bc3f4183c00aa9ae3260f4627e67b,0
5e0547d5cc51ecc9dc040478ea80d24ed330033e,0
534b30805ca74b1e28160f540f08dd733d6d99c4,0
3b7ccac564c9420c490b9900d07d7d5069c69bcf,0
bc98c7ec1cbe50e625c53923e9f2745b6c1f13bb,0
374710cb2d0ca21127ea314fb1dd300de566f4c1,0
29ebee6751b05ffda93572d0d5f6ab3253b6bd9b,0
4e13d56b8a1c612dff0df06e805492bde6c6206d,0
38ddc6fe2b7d92ebb1c58e44cbc327ad2061fb2b,0
1fdf33b7825bbceecf60bf6faf8b636294b11de8,0
7cb74fdf2738a43a9e22ec89f68d6c338870bb8b,0
595e505e07b4755450bcc968de2c1664a5f1d106,0
63b3cebf8ecb8a3f1f1bef327ca6d9a0352bc5b6,0
d484ddd5475f1737a6e772718ae050eb0ce1e77c,0
12bdb2dba48456f60ca9d4f7e3532543584f4075,0
f3ac6eca3449470c783bbe123fab006b1ce5753e,0
438469ac45601c898164d7d41a9a1ba24cbece35,0
a345e0726d18fa66d49bcddbf63092e03b6eb2f5,0
30b10aba1bac06f264c880d3d8c5facbe93f0e60,0
9fa0db1c9c6c4674a9e1aba54f3f6e1ff6acd606,0
92f7a2361717d0d2a951042eeba076abc57c2eac,0
32d4398585f50630b4f0638399b245e5a8f9d0ce,0
6c389a0037479211a310db1bd30e2387dcce10f5,0
2d34fdd16f246edd03492cd208944c4e23c0f3ee,0
f4a3054f288a1792ffc68f5daeb46705b9a3eeb3,0
9ef5b0d87f750e5558e25248f77194c60e70eda5,0
6d72bf41d06a80f163bba00a2e2382569b009262,0
83ccd7ca55d1fd533edbbd3abbd0f563c9cf00ba,0
7ce2493e3f703dbb2c7350ad41206367601ea66e,0
c726cc16f8af3dfd1770149b7059f4f950769acd,0
eef17de70b43b03371737ab872a1e2ab6b180377,0
c2984c8bcaf4ad4b025010d4872b0d218e6b05c4,0
17fde8592034a5aa2fe6401281ab4c11a3ae19a5,0
2623a7566a87baf1c237f4bb43cef3837083f275,0
574e4382356371fe38d1ce1673e0fad3088a46ff,0
ea6f9135f7fd662566f509ff637aef5994e0f00f,0
54e94d538b0d1a261ea8cb2e37092862930127a2,0
9371983cf503dab3cc1c8f7c80e910b84524c412,0
54c3e04f55c205bc4dc936990490b3451b2980b2,0
92cd64a872c7f4623096531562b6176cd195b6c5,0
94e66ed69d797cd57ddfdd5daefb92f6879df977,0
20bb43e73a7dab87ef29a5a92f5b7dccbd7a5eb5,0
7bc71b92a738e9b9c9b79ad983ae2063814a48f9,0
c12fb096260b2ccbed9f3bcd7222da3502776e0a,0
d902d7bdb88591fc1a094edd8aa0daac073bd8a5,0
33b98f6e4e165cad66dd2aca8db88d372870c4eb,0
835a1f9f1739b717cabaaab847e5cd8f934ac66c,0
36805387710d7b8c5d9e294a7099da3afae3b2e4,0
2861e940848d14434bbb8e6f4193a2759abda8dd,0
53e4cb7c4037e12861d17de9159421015768760f,0
fc007bea45065797f28274d2e8ce38b9a0bb4da3,0
8b2a1b021e502e9b09fc504c7bc11ee8d3878473,0
f963ac6e988414ed2d395a9263308d100bfe7612,0
e927359ec0fce89245c010c9161c409f1b2d6a7a,0
43985aecb6650d1bb1b9f29b96c48bbc3d212c38,0
d81ce2715354f9cc4ed5c995d5915c035df7250a,0
6d201c35d86e3468796b56236935939e73dd50ff,0
0179c9836671611df25d5d080a5151caf740bf8b,0
a3f23cc7c65f51e9edd16aca20fa8fa5fb1f1b87,0
3c1c10d2064ee35219df05cb8074419e579f2417,0
6ef577e2a70b5b10312dae658a25b056a4b74a37,0
b7b97aac7a7c9d8c2478c5d18113d358ca3dc01c,0
1c12c4baca05f69d5f4371bddea699365b30b8da,0
cd56cf258195bcb82fb445b184adafad11d6c6e3,0
6d40159e34447766d6aef4e8d72995f9c80cb1b9,0
3cd1f87117ce3e715a09e7cfdc638eae0e364548,0
58175fef9e860c9b99b12e756881e3aa3cba5f10,0
ad178801a94d9561cefb51aa2213c6f334e7392a,0
e22d9c7986f489cec7c424204120c37c91dcda60,0
54eb2357323dd507414e5f882181d965539c6d3e,0
f7461bf74378bcd370a646374a673699ebba6afc,0
6018eb34f7f0705ee631f3e1d0fa57783e0ab3b2,0
c97d6fc7fcc3f4e92366f19fffdb01aaf5965813,0
68a234f3edfe5db193102f1f28f82783f3d25599,0
f71d66baec2178077da699e12ae80a20db56104d,0
94cedf3cd0a0dd02bc5146868fa19b9d9d18e18b,0
64752a614c275c9b7d6b79b2f6e771f54405a181,0
d3856b9e0e1f7b7ef0cd4ddcc054cf05cc0f28ba,0
b9af052f7e0935f45a75cad8d2464fcdfdfa6bed,0
a7255053f3deee94c02589fe6292406bd96cec6a,0
7ff07e7799577aecaae22e8a5a9346707e676e3e,0
9f2301621de691bf98c533708231c9a248c9cb8a,0
ce551bb47eaf9d2a643244371ed691c446d30f58,0
414738adeb555803f82bb2e4a1db268a0c6f424c,0
4e29b388579a9469511c2cf809f9d2cbb8d7eb99,0
4fc441b22356cd9338129d4687aaa767bf22a649,0
f09c7d57d5bbc37f8722f1f48275a67fb0278a90,0
66e64641c83a018effea27910d95abaf5eb62e6d,0
ee2b421fcf1ff78aeee35ec691b444aea7f290b3,0
554d9b6e2caa6633cf9e1566438f9c1c57f6004c,0
a7069d262e57335e4bf861f7e7691d7b9aba4483,0
2e8417dad1ff52a2a8139e86bccaed42210f94af,0
15b11a82016d2907049311e6d779751d0645720a,0
7eb6c353160d2196d8b78628eb5defbaf6a93ef1,0
9560f5274724ce7d027db8e9dcdbd1c4f8913cde,0
d69efe0be9b4e799c47719683a48170928c9422c,0
2925e366500a71fb8361eeb92e3defb5a494c58e,0
4e02aeb513fc070539fe4980f85bca089f4791c7,0
9633005757ac7df09dfdab0bbbb80ead1cc9becf,0
f9872963803a003316d32b16165efd5f86b047f8,0
6cacd928c272d4d1ed59425230b39d6fef1f5d1c,0
3ad4f5d221b1600bf2bd8b414cbd6f830bd8fcd8,0
663737b8afb1d2e855bf10096a5c9146edc2ad3b,0
9894a7b895bbb72eee0d0a9fed8d23ce3948b8e5,0
53b83a3eba2726dbc69aee27ea216226d5c857ce,0
8d04a51fb71fb47552bdad8ee208756e7b35d8e6,0
3621ded3472b958845e0fd5e671ec6e33297a955,0
97fccd38f0775cb2c6e5d0158564e8c75ace00a7,0
257609595905056978aff377a45a5daa35a0df1d,0
2662c98670d6bf3e6d55b1d7b52c7560be161693,0
789537a3af46b582f21b725172943fd6da4702b6,0
78be2571701b73ee889f1290e97a39a5b4b7c81b,0
befcc835fe54eecb3741a17e2e6ca6c88cdd9e35,0
71b5168da0d54f8e586649ad8d743aa008fd2cbe,0
f4ab065f9eaa4d15171c005ac9a4c41c4a81b979,0
0d2431c67f045bf72476833a60ef938cb8ebb36c,0
416bc40e8c8fbe9aac0fe468f667ff0a84db0c5e,0
659181f04616266a487cd7d5cea67a3be04f0b46,0
85524cbd1f3629978072ed1246b8a59ef1b3b2b1,0
fb53f7fcd0351122a8897d4e6a5b88bd9a1b1df4,0
a58d663faf14d601726a866d001617007693f4f1,0
c04cc9d5c58aaa4a5cdc516c33366cfaa377dc74,0
f0869c3d519ebde3a6865dbd2f73980bbd82c5fc,0
89c785e1c28fc015d00e46cf1e3889ada4609e5a,0
d8843e771be1a896f30d23bfa681727a0acb3fea,0
a47c75da12909795094f6dc6d43d0e536d311037,0
4a85d24fe640b96f3ca2c8273b6f696246b853c7,0
6bcf4b4b10407a30e260487d665aa291811906f1,0
d4bd6370fce2dfe4030433f9db681331cf1a3e92,0
2361dc46d3545b9c5d77eb0e241622cc1c8a30a2,0
0c077092a210587f1408041eba825055d07fc408,0
b47f87d44e0966d0e1bc8b5b768aaf72a79daca4,0
29d1ddec1da106787d84b39915aa0cbb545b5714,0
832b5870054017234f901bcd5dec3af957b12318,0
f82b2a4832751f5c785c6d34d4acd3fc044f3e59,0
9fb1ee51d5a5d3b7828ac15078c8a910c804f740,0
6f0d3fa499079eb8b8e586c3d8ee188ddd6257e8,0
29f5f0d94cb0c0cef0f39a9f2913675db4d4a770,0
3d67eb81ea0501fc789bc2057fd5ccfc7f6465ae,0
7026c5f9f758296f3029781a16be99017f9abfff,0
99c615f98631478d9cda290c6920c8d7b2c699df,0
2ecf7de495e29b1f688773086679366bf06018ad,0
15e84a689e950652246ed4a4b703267dfcda5294,0
364de541e92f2fe36e996b7b682ff5e8a20e8112,0
dd129e92601aabef0a7b581d7ab33060f0ed935b,0
d6aba6345a9de53ea845e3b07bcb73684adb1d76,0
968f082dbb5306bf1abfbdde893f7d3ae7dd0808,0
a3bc8bc464c0fd2018c8b4e4220573fff93e28c3,0
1ede2a68f59f3c26c149a9ee37eb1119dd6379c7,0
0551d53c55dc6e7485903478b1b410b793d8708e,0
c4a5e43d5e53eccaf5dacd6374d1a7efdc7a1a75,0
838d06f61b0c30510c93abad72af065cac313157,0
e79f1e04211a9e6e4444e0280362407a253c5ee5,0
594aa39f0a3aa881cae43996eb6e78e142a77fa8,0
2dde928ec313af9996e187cbbff0e2c962da532f,0
c8ec118ee2220ade9316d79fcd5fa9568b85a585,0
0da15bf462642d774339ee15f0a720b2ac18ad08,0
555731817d9f1c0ff723efed9eb668784574f508,0
393086f27856a2efe84d23f269bebd6a8c228cd2,0
09482702c45653471a077734e560fe2d8fb9c7c4,0
e11cac7b335a7a7705dc5f77aa506ab3230cd94c,0
97dfbef102792bada5ce921e0104814591a9b0df,0
024bc409e53418ed5a90467f98093ee58a4fccc0,0
58a343b1d904d96a62dc5d1b9023824e4d234c11,0
6db53a05b44442a1a467a69d7e8f2401d522f8ff,0
570ecb5ac395b61a26d30938daf53bc12b0730aa,0
74bc4ae6e4f19449eb73f11d0acdc4c3b894e7f8,0
30abfa71944bdefc70eb5e11d4b812ef6acb5144,0
289972a22ae9dae24ccd6a9c0cb64f1802ff4a4b,0
78cab51b7d2137a620ed349643b854376b92802d,0
124104c8c410b60470735a0b83373119f7bec185,0
e5616b4097ea58de5c9841734db203fdfcaffc68,0
20f687a4363959f2e88c51d1d50a9e0e3436801e,0
40184b06febd91bcff115d12f8535aecd58d4cf3,0
c337b24931452657a1881b25fb0ee03d5962138c,0
430972822bc3cdd191146c16f354070cc2f41f7b,0
9d7ca830cd0ace03996da1d3092499736100734b,0
e4dfac6a1a137933ab62a80fae5a83ce40d4cb3a,0
81ce987eaa82b5d87d053b6c88ece63a81cbc946,0
197d0d0f9724f733e8e35ae369d1f0b7dd0742df,0
a2e83d3e53d7503467f902a031a3ab0dc2cabfed,0
820b2b01b737d6be34d0b39fc41053321645a89c,0
f3017cbaf8b856b0b01954819575171c797911fb,0
68fb68a6cb07fa210ae3c069441a3271f9b7390e,0
f013853e1dfb6dd583b6cc882c8b6308ef1572af,0
79fc47779157124363d09b3fa054cb49158efa28,0
90f65ba6efb9f1c8de242e24e27fb1f35dba5cce,0
8a8b3928908296467b267fa790938594c37ee2df,0
34e1bce1c41112adca0407f73e700a07f7db8ad9,0
2a8a2c74814af713fdd0b9b639eb99d450001785,0
d234a3c3bb1ba1e5dc3f6db1c390eaf6060900e5,0
81710e85fe7a768a3ba8cf428a6d8451dc7c804a,0
34ca18905fe907e7dd31de43d0232f29f7bf1f05,0
7d45bcce47183bea4f5425c278aad35a1131b42b,0
5b142519fcee8ebdce888e5cbdfae6fe929e6b1e,0
586de24411f75d3998c051400d75545e4adf6015,0
b38a0d0bd05f341b87d5f10bf1f7d9bf5fc505e3,0
ef34d60d3ac7962f89ee5db40a828b6f3ec02a1e,0
d972e93aa63f8f32c54b310926755b627a1a5871,0
bcb6eefcfc8b7bae2093993870aafeb76f5c6e7a,0
fd4fda0a4566afbfdbbb270d3779008ddada312d,0
c7c82c168a05a4c6854d8b7076a4b670ce04b260,0
9ebaab89090ce628ee10241c6242e72de0523b54,0
7e490c7e11aafc47afe8ecaacd890e4973c1c002,0
37f373cbeeb08108ab74819ed4cf178327c2bc8d,0
c63e6ad72946644087a2a7feaf23bff47aa66af8,0
f0229b10e76c9d5e05519dd7f4f4e9e4030521f9,0
7dbb78c6337fbf3f030fd5ef7118ed546a0cef59,0
f64dc81309e8f45c2af830adee8ab8e674dd3009,0
670bd55e8b3abb2516bbfe9f3e1c32131c7560d8,0
915aa96b4f337b537ff3768f4ddd50c2a54a5fcc,0
76a630992f9176586c3c4bf31a89321d51165f61,0
d5172e2e841462ef6316a72a92ea615ef0db1c36,0
25dc340ae78d9b090e8a95d001abc78420fcbfaf,0
b961cf3d42962de201be5048fd71223428b74385,0
3cea1d7aa71c0d6642ff518557caf03800d4afff,0
1f6e928f07bb18572b161062564f45a41e967ef8,0
681bbc18e7d995920110b518c0b7fe6ed6097ce8,0
24c537f0cfbee255672c53adc296bbed1bc8caf4,0
2209c459498ee7083e977b42cce82af4e68cc4b4,0
3792ab9b962f0e3a3d22420313dc17e4970c4dd7,0
458ad9216cefe5ce15d041526c5eefaa0324414b,0
8ebea339be39e115b42968e26399ff55b78d3f33,0
d6f6dff3b523da1d55ef52571cc6731270368ebd,0
341912f777f3a66d31f1cee55acd0edf34421077,0
a0b19f3e6258320b83c8c56cd8a485fab1145ddf,0
7e82cd5283d6b8b9f39129a44336e657ba5d17cf,0
aa83fb1695d03364c0ef601f498156728074a173,0
1fc776473a2cb64f3c83066cfa255d8ac7b16c35,0
4208c5cf3f7e8cf84739f9cf85eb4d5a978999f2,0
e4ee10ab8d5768c34dfc4f4b090b920e861848c7,0
3cc980dfe27da850359b19002946b7db17fa3814,0
e7fa065bd233ef936177a00958b1acf4bdb3755c,0
ee39c6c252c3b9d87aa21e14574ba62341ef5310,0
43b659907f5f49d86e7e2fa45835bebebd74be04,0
a15fc93f4036ae861192c57ea1410678dc7942b1,0
86854ffcb4630824483109b5094909a0817afafe,0
c3e92d78548e4d19f213d5a3cf7efcd1d81f84de,0
b76010e8b8690851c753ed3871c9d9a3211a0e38,0
38daba00967d71470cc406f4d68fda570655faf3,0
51939222ebf04c28cc8955208536ac2d428b0acf,0
793a82d09d96809305152b42948d8aa15748f6ad,0
23074b3bfb601b990cf2c3e3404d6a7ca244bec4,0
441b3872ea819a7e331b5467877ffacc765b125a,0
31b9fd206c34450a3b7ad2aa81e1666d2daf6fb8,0
ce7a66c2e0baf511bbeb5795e35c7b2b6b96f629,0
cc8ae5bc56921721bf0c33544d0431d0009eaf2d,0
4545de72122ecb3b66bdbe025e94bc75fdaa5c9f,0
6c6da08d6498a65b8ea66f85d8a8615ce38dc938,0
fe1ed9e7edd6f09a74b853212c2c9cddccd29810,0
9a3c346621c07a4eabcec3b5cf18ad6f27875f2b,0
249ba02df66477a17997927410a7ea0f63e8d327,0
2729b2d3e93e6e1b9fbc439a2ef69838cdd943e6,0
96b775ab1457ebca0ee28237c156e566c2256ff4,0
d05a9fe2c508c6fecd0e1371eea20ba8fbe98dd8,0
7766ea26319414ee1e4c739ed827fa34b5d09cf1,0
0e4a5374331099f309abef2e4b0cd19a7e12a45b,0
bd5952f695b5678c7c8b61c28b0d4e40c5dfbd1f,0
2f35d2be32f563772047f595ad6943d18397afcd,0
3462b7a316fda78c327e217e873ac57183c73fae,0
aa99c11a83488b0252d008eca3509d795bf60358,0
efd27210c5626def028497aed4ef5ff2be8f55c4,0
39ee0457316659937743936f5bb14c8c37850fe8,0
406cee4375e50a3b7ce8cd43adaf7bd5fc83599a,0
ebafecefac2ad21556540c33087f097f0acc70cf,0
ba7b7208c23243b4885595c1f5a018aa78b5831b,0
06ebf916dd7d88f9e5fbdf291f870dd662c4be9e,0
98435df50c6eadff6ba732bba399079e1d0b0ec4,0
443f9491adad79985bca83db0e005e26443fa001,0
fd145e6b44ec34837a8fe73e31c5d0f405bbf86c,0
e9e1a2f3906c2a6bef31d075e7a2c6c6f49230b0,0
9d5babf753d607f4bffcdf248d9a9747a1e0c38a,0
4d22c686bf3ee0f47c00b1061d7fdb6ecc840c5e,0
73223270da06a93a9c334c2d361c6c3997e8f3b4,0
c9fde7b780062e4222b12fcbfdeb5bbcd0612721,0
94b4be6ac338581cfca5fc77e7b70b9d6485df7c,0
3d1abce1147c5a151b0aaab410504e0fda3b4586,0
a3a717edd062d3ed13cb771e9e93d83a9af0ddce,0
474437d7f72291f1e21e803635c21e96040a08d5,0
69b311a2b7513e93afc3a5a02d8c0ba6c324bd15,0
26b05b57425a18238d8607d019ee189115f047c9,0
4ad2c465af8ad30355e15af164bb6f6e10c6bc15,0
65d6ba255fcbde16fb2f0c875d72b1810066bf58,0
a85be30c2163c94e7f7319ae471805233227feef,0
625dee6e611adf0aee778f2947c0819a5236486d,0
ce99f60c8d9679721c833bb341bd59cbe35b944d,0
1bbb375c743267d13f3b98b25ccca4094fce0bcc,0
599f66f38696c0590d2a3a22f00957a6e6c9d8b1,0
ca968c0b05d51b4b0493202a6403be749b4345f1,0
78fc573097ec0759e916fae0d687f533a61eb48f,0
b18fbf8e1d3202de415732dab15af14bf28e8e06,0
44d09da6b3217852e0e092c315887552afe62564,0
8cdcfa4bd692d14b6e912787c2bea7f169f2ec94,0
0a9060b9da9c9b3a8330f9d3cef1716339d404d7,0
759f4cf0edb416d6a870ddc172fa392739bb00a2,0
2a08faef380d9234bc6195c09399dc48dbdad544,0
5735deabb52352b2d4253c664160fe5f0d251752,0
5682104edf1d9a1b1b08fc160e0e73ddbeb99277,0
7f80535d78d8df0ff3156cc1a4cf40c91f512dae,0
6678f05d31797fb14aaba211b082d52110ca1c19,0
94e603413630c514b769aa4c8b76d5001a192a57,0
9300fc42c2f690102a4b0082361454e76cc2a96f,0
286400f6763c344b36f200cff593b7e96e5d156a,0
21ffc47bad61c5da9ae1f5317a4df47f266e3297,0
3540112c3be2b30c58e8e6ce4c84388fc33117b3,0
7958ad29604915383c8ce76916cf63c38d7936e2,0
878b2459c1ac75660080e5f321c3ba98f96fea2b,0
d5f0dd705c689156ed6abcf801225ecc18b7f0db,0
164d354d65d67bf09f993e7a98b665a37f2b11e8,0
24da9e5ffe836d5b0dd9f42b874de4c9512e4950,0
6c25d7c1d4b47f9bdf278d525298bec64cfaf926,0
c31520ee0c9266b10a5c26bb29a0041f2ed873d4,0
3575f544e9339a99ac09f7eaf727dc588bf57494,0
fae0f9ca22c335b4590cd66bb16a82298b134fac,0
17d25597891ee7498ed8bcecc9a0db1f4de605e8,0
8c0aac251ce43bb880a96e8120ab469e69c107d2,0
fb87a8de1987f48446b234a7562c66ffa969f581,0
b7151096a93aaf421146cd703d47cfbe2afc1303,0
fe98c3cb9559a12ca51f30caf0b933e2ad74df4b,0
757e8e0bb28bf1b7cdf577028c68a30259628430,0
d78e008db66f46611d93a380f60d1274f1a7910d,0
a34b2ac25d7fc70fda9760636f1d564bad43fbf6,0
99a1cf6971b20ddf30a66768ed1cf449ba8cb12d,0
20d3cec27e27ecc3297cdd102da6c367c1157fa0,0
15feb4ea5f93869a2e75dbaecbb028616defdd56,0
8f78b75f245e08142e69cba682cba24fb51f2463,0
7277969673cdb59060bb85f0cf01eb8370787c07,0
6b3c3e75273be70d6f6e1d559a0c1f1434cbe9e7,0
4fdf1b6e380dae364d859da2dfa650eab2b05846,0
f67b6f493e63e6af06ec388998e146544141344f,0
eaffa3a79417d7ff8ead21360b9680e556faebd1,0
fc62538240ecddf4c81450a36b8837ffb49b8c87,0
021306a99a7ee782e7a6dcda8e04ebfe5a80abcf,0
13086c0f19a05e1dab7842963519afa5a4875de6,0
4e4d99500a246f28168a8ed6bc55b8bccdc1260e,0
47d4512a476f1d5a662100b1ccf797807af4a6b0,0
d473d4f44476aa43a8ea8e90e6a226ff20ad0a56,0
d9c89aaff7274325ae8e564082823f814cb59205,0
e6ae84c95c8355d3fbb76be21499801a872d04f9,0
b47e93a569a867829608b6660af91709ee438c95,0
36220f167ec128f5085e3b44275d2d7b97ce9584,0
68d1dd4a276d32c21bce3c9d39321093f5a28c91,0
4435b6924a3def01aa8ced4f0c8ce204b4dfb91b,0
86543f459acf6fa9085388bc211e32703f1d1efb,0
739751094d751193d99a2135a22f2ceca2decec9,0
2143c423b6dee028ab512aaf877631039944c7b6,0
a936e9a70355dc353f2a9eb8c3e6de361764d80d,0
1dc30e94f574702603fcc721e1398bb6c09d0ea5,0
f385fd89b8a9869810cb6c997e9feebb034626fb,0
c8afe33d2067500ed419ccbcbe6daffc48fe2bdb,0
04a62f51256bc8922b60ba8c367c67b3ee8d52aa,0
9a2aeba472a59e069a506ddb736e8687fa2ae599,0
6b58389fb0105728565b4187709881beefe96c71,0
bc57e887cf484fed2c2df653fdda13a997edc702,0
ec3ade67821d3576cf6b87e86cef5fe6e0f8da9c,0
f87c82d14e395b1162a209bc2c01050ca8e7ee11,0
c75b1c01b74beb6cf728420c01b63d11b222c454,0
7966fbe19a1c38a69f79b6394a419171ba46ac0c,0
e1f6311f694a79557d42f193a63b7f03978a0cf7,0
19bb5eac7ae02210ee4b980039bb05958503a999,0
5eed9571f0eed23e7a20df03ffc24ab9c026efda,0
a717594f37031fb0b6a6f37eb880b403720ca51e,0
a20bcb88d8aba9be8cc100dc48c85a6d2ad19af1,0
84c15c25189691ec06deb204aec84d963dbd2777,0
1708781762dccd28ed27959ae5157e15227d342a,0
913611e9d8ad6736e020b3dd6f7c3a3a6d1d5622,0
c5babcf1c439d5e464cccadc99691a1607108319,0
ef25002a12c6dd95087c3d2ec49da422d533c37b,0
8da0f1760e6fe09dfa14825362f3d69672de0dba,0
f37e2d076e664a4299e6172a6fa914825b0ce5fd,0
7a631bb4191a668c2f59d2b8256984244fe50659,0
677d106f953a5cc12a8929774ec4a53569d690fe,0
0ffe26e2b5e07030ab53126ed5aaf3b15ed573f9,0
02994ac7a5e5f124971a941aaab81371507ff173,0
0bf2ea32cf19ee83327fc92a7e08a78a0173694b,0
7e130b8d5f12f975733975e6761d3f567f954652,0
6ecce86b048be6b80313a02dc114310fff23b908,0
632e88e07ac897a1781e3cf0b80b42c6c8a853c0,0
d41dc97388d06e8e4747b6a5637c3d5db828d8c9,0
71c9a278d48b0454f93be7e1d5078e4999fc82d0,0
74373926ddb531e83fcb04c78485e0abc4207600,0
a30ce98feab939410103e5fbe7333cbf6963ebf6,0
79fded57cdaf896e0efdccd41807aabf7ea2f98e,0
db38e3a7149c2e6fe8a2edb407608af85f81f08d,0
375d3975e095219541cec71e2b3ad1c28b0b2811,0
d73d85db79c268bdd91cf47ffdec598f09a8e9d5,0
7c416c9d243a7b71671f00f40447e5c349971718,0
bff78c3dfea88967a7940fd4a35e8f408bdb1bcb,0
2694dfbc28e55c6a0a2367ef3a82b92a9b4a0c7b,0
9bd1f18ae104f36b2400b9db106c77cbfe9788db,0
944a8621d2c4f1787bb412ce78cc8b98c97e9161,0
1535e552bf9eead02d2a1d4d1fe624347880f767,0
96bcb8854b73901ce90550b7acf18c4798c6566e,0
5af0e7980a47076904f36cbe41422f32d735de8a,0
06988ccce05cbfec160fe83d564a7d07d0885435,0
1d1168a3dbc3180bdbb4a6e723e8dbe09944f707,0
b49ffbe370b61b7cef603fea1e5145c1c2cb5195,0
13a795206c34505013630db39a1cc5af65773fe5,0
6af3ee6e119183ccb7ec15d04994bef4ce30c557,0
2563da09aef980ef29d2c80acd08df733c2dfed8,0
a189bb3a4fcaadf562e8e3efad922e9e427da8fb,0
265100d91762272a666177b7a8f4fdab7425f35a,0
a5d3bff3e658b1cbd37c981f43ca7eafb9e849da,0
0770fb9fb643cb0f8619ce4d96103d9b496f0229,0
895f28001aa29c64f3ba58c8a5ac7c4cac7203da,0
e01602b9bdb6de08c85be8080940189247eaf95b,0
67d99f5e212cc251786d5fe6ca4434fcadfe6f88,0
924e040bbb82f075627cf7582b064460e662903d,0
0ff7f6cd7f33fe3f2dabbf6428f331032e475f43,0
0b1565250e30537e52b024d4e1ded51e3ab0632f,0
e5b270f1121c43f601069c419aea21a408bef229,0
f4b6a930536109a61b47a01ef10d90873cdcebde,0
d00491f8fac7476e9a86efab751f53c4b1e58806,0
2968ac7af8fa6b002a1fad4d6e050aa0c16aed9c,0
806a45b8532a5c9396d491bdcb93545d54596057,0
fd91b5ded63c8c02cf6bd9e4e9994d1d6293b20c,0
5702acb663a2204b3b2c183d292e6fa98da37dfa,0
299c42388e3f64ff937387491a16002aa4549f53,0
5eea84edbe4e2f3eeaa9d351bbacb148f5b09373,0
7758b6e954dac294804703f4b07751841856f7d9,0
eeabb83c5230ded3207ec4449418be5ff1f9e904,0
a18e973e998d48402f1407325e76ed2babb78afc,0
fc88864f56bda32b500ce700f7e5a96169b8a77e,0
8c9e238ec8c57cf84076b6a01549dfd0cbbe5c74,0
b51737e0fd07851c8bf5ff2fb8feee1ae8c847c3,0
2f6a65fda43c4cbfaa6a59b0b0d3276756197f28,0
08b17cfb64e990879eccd83efa3a43bd8c311342,0
48b87edda68e372d7f61fe393e1bcc1819c54407,0
00a069790e35cc4f3f5741d62193fcae95ad1e4e,0
2d5633ebee8f14a1cf01cba92fd8c8cca4982525,0
13564b8b9bc22898a3161529a6e38111a35d94c5,0
98d97e6e6c91e98380d0a56e95a6f2e2b9d34a66,0
30e3722000b89e569b184df0bba7de9625cce639,0
15b4c91e5c6cc6c72955b5838da0f43681099a28,0
6fb7375c44498f81dbcb9fa27fff875d6f4f445f,0
95e949a4d29d2c8e4882fdd76ec3605710c9427d,0
9da6ff44cc279b4a458a851d31499888469fd020,0
3d14b2ffe676b915f299a5924faf35f4dd12825a,0
4136bd96d00c9fefa56fec4d14e0f3be812d43bd,0
8267d3f3299242b10b457456da2c57533e998640,0
85dac852226f6611b644d406e9f306ce82e303c8,0
ff79eab31fb1b2783dada366a14dcbe612f2fb7f,0
75376450ed46f28de61be33d991a1efd27683990,0
592fdec7352947fb385cf82ccfba86e9b46fe6c3,0
af3c3a7475c9e001fb37acafd320aa07ba6fd770,0
1540c9e7b6669fcfd6158375bcff0dc3af41fc6a,0
6de4dc35b2096feb87e5819884dfeb7383ee8ffb,0
432d53d5a270a362ee61b4d9ef29bae976cfd1c5,0
6b98778fb2471728857fdf9719e03733acb8eb52,0
66765bcbe1ab6618a517a792286e24b17a4bce14,0
df8788611b4b42dd3201737dd5f7c3152fa2d132,0
903b7bedf9f1e2ee05bae8a4922b02e0f2c91405,0
4eef041f27cc02c0d1d65a69c467ce5b67a46878,0
53035f39153913ea5930efa593dcddc1f8a11a91,0
1bc4fa36b3f436bd73a8c35bc7f4f832f2794826,0
2ada91b42d36ce66b5610f900f66f9b681750b5c,0
e903368688f37fff0274785e6f52aa225e260819,0
d4909f0cbec031917b2921c8fa32c1c9958304da,0
85110dad23d191a9fe91da458691dc7f06f6b63d,0
5367147543bc10d0b2931338ad901d8a4e17f90a,0
b71bd5a6f28604e1a1fea32ef7a60a7947773d5b,0
1160de9291b1f68d0438f350e81a4ee57e0ef4e3,0
bf10503f92fad2c03fc6d69b745b4e152c405f88,0
769993699341fdcd2653b3c90959631dbdd300e3,0
633dd0d3a5814980e26974767bdd4ebd0865ea62,0
a6c26724915fcdd621204793b5268144be62da54,0
972fc35144277426aa92b1b2115c230e40fee095,0
3d3ca1a95b20a6fe915dfdb14afa0d43ca1a370e,0
9ea81acff7e8c49500c7b32ff73f48c214dd1a0a,0
dcafb7ea0fa25b14a904da5d3410176b8a189f43,0
32de5eff41f107d02a8916c4f251b6e4b3f9c65c,0
fe0c1b4fe0f9b659b0c8eded3378357d657442cd,0
ac301b702670575d06eda74f34e9555158d851c8,0
0cfe1b1e6c4b2dd7c0f4a259562e773564d71174,1
59459d468c9e83a1654af4135231081d6cf25179,0
59b41c3dea9e41059b8c7c7ec24dfe82c2bad58c,0
331ccc2f29d1c798647a5f1ed7dbaf78d18c705b,0
872914500cd33ac86be980e998d5f72b26bd924c,0
db24a2c0c65c6b622b64c1e2d5460275084d2d9f,0
97eca76232811a72f4cc1cc435c90e9e2de914ac,0
797f5039cb4383ac7208bc6f132b3fef43e33c6d,0
39110104ad7d1912bff24c24e402a28d0074fcad,0
97e8d4f02546c3fdace8fc8f5d3be6796f51d750,0
841e9b8b11c1a4638d4ebaf5e39a4f7dc3286f92,0
290473f59a8b290475a08fc7d1e23e0e41d66c06,0
ca67f64e698bff6cbe6aefbdc0c71034613d1df5,0
1b65f7528cfa9f8c236b7d5813e44054543a9884,0
ad7fc8c90db5757ce85f4f25a8d268b07cf1fc7f,0
2686b3372b49d4c9a770c4ceea2e3030106b3217,0
b08ee3c660c8657f0b0be0983e5ee012e42b9ab9,0
f651e5160ba48e404a758d925e91409edad3be5f,0
03ea6156fa0c31eed08b84e1eb09bfb5de01a16c,0
40b7e746f1ea4d34a153773c9653dd8bf206d9b7,0
8bf9817acd29a88be587244d9b4324bbc044ac28,0
4c12f6c25d82cd4b1f54ec6b740abfa10100dc66,0
7d43bea12fa651d7a461f15d7afc5127b2fe5a98,0
7cdf5c9c66f78b11dced629bca61a88816881051,0
258ab9f070b383efab9fa878a73790ddc41f103b,0
c2256444e078b238b27d246d02ec4216a5e828f5,0
904c4501168c20217074d027477eadf0d65fc6b1,0
5747a40293afa8a7b6747c359ed75cab5c4bcc03,0
79bdf0bdefd49bd8470c3231c729648c719f5bb3,0
c751d5a38bc992fa59f5ec4345b105bc81ba9c1a,0
232ef8d745bd6c0e8408f3d33a6a6decda868625,0
e444e03d8c8692d36333de1c2c8336e1a2bf3ed3,0
57dfe05179b8b0716977a4b0e771d525f11c8fc3,0
0dfe34bc5b4c2b93e844d5fb0777e94010ee3704,0
8f258c1f9469c579859da163d37c832c4199171f,0
fe6e8a6e6b7a513f6c054f526c0619bde0d58492,0
d7b8048cfccba8065b73096c380a3b25b8c641b5,0
8bdc2487d2f38bdd0094123d0a5309cf7771ec07,0
82ae528a58181fa59fee217b3ceeaad5ed8e5e7e,0
f0a9fde1b969a42e9837db54c9d05f5355470000,0
b4368442bbfb396eba8f6ff09dfeeb7e49661c19,0
06f707ffd937a0b784c4f4f5deb547cca97724b4,0
82942ebcf46922fc51b7e67afefe19e10aff3f0b,0
f7319bc07504b58c290debd649d17e9f873c60a9,0
6e69664686543fe9d5fa13fd80952debbf640027,0
a155e51684164644e14fdc41a7418d9d7f52c794,0
f573cb3b22817eaad0c55e62f9c45f3f7157a8d5,0
d44674e16169ab7c20062e7c75ea3f815ea97d17,0
5b5f5dd27dc51c6e4405bdb3b26448e9617f4c9c,0
bcb1ec4e00bb9331fad7f05cacb7b2156d351859,0
c3577805f3b87f61c2aff47c670453918467c36f,0
ea48a15f38a21c45414972caade9c1bdc645566b,0
3ff2c94c18bea42c4dec628fe5160991e20d91a2,0
837caccd1ffbd6a95a08609f60ea34bf3ef04c4a,0
8b4c1808abacfa3fbe77c2afe07d2bca4299b4f1,0
d2894c0c5138001ad5a76bd810e7df780d424b08,0
9e611aec803c9e2d5ca617d39c658b2fcc1282a0,0
3854991515481f0ebf1100d0d6bae47de2033ca0,0
42d08ab205e1dd259fe41ad9f5da70d9502d9304,0
eda0ca585d186a1cd4a01df53d5728dfc708a4b0,0
05c36ea0dbcc5339087e8425ad5b93c94e74d243,0
f00cac27e17e37cc5662a3823f02df918bb38da4,0
0b3497b7d2dd22f8402bca82dd56b49f0724f367,0
50a537ebb7f6dddd2aa2e20cc5f726650b68692b,0
73e2ca874856a91c5dd5b74d58b01e6a08f58870,0
6aef53eff0f2353e94358e743091d96bb535e38a,0
6de16675e4c5f129f07209b656003e0eb707d20b,0
7d5b9a050f279a380585a2d909dcf6e70f8020fa,0
76a74c95a0fe1caacd5438e571cb63e6e2e0339d,0
24a880442937b0f096e22e1de6e9decd8d0887ad,0
9dad0e946561d4c9fc14bfb9aa035d4fce9587d0,0
1ede479fbeafed5a946e8935d337d1adaf5356e1,0
6b62c9c39b35ef88a6f846819436ee135f34cb0e,0
1c7b209226b1e5729c345dc0cbc2c462c8753635,0
b5248be3ca48082daa2f44f279737f566e3cb3e6,0
799645a520646727df8a15d8bae5103daa82ab55,0
a14d4f60a9ebd1f5e1d57616df9c0581ef87b91b,0
7ad5e846cd557c168670354bb9cdfe0120a487f9,0
963e1d4918dd19b18c3449754bc376d0a29ed4e2,0
133e5bb1bed1902092fa149d306f486ce1cf269f,0
1575a8f1b2a768baf0ca59364bfaddb9b895f48c,0
3b87956284341f032047362a02ecee6d806533a6,0
acf3002edd024a14413bb2b2482b94032bc9093e,0
b31b882c7a43f63b2315dded1b43b5a26f0ad866,0
381cc540a83c938895b578e87fa89c37f3935b88,0
52193314bb1cb40399d5a913cc37d5d090965c5c,0
af59fcc4a559c0376b616a2ad45da4f5e541ea2c,0
a18b6ca701b4fd280f1dd9f1fc477837e62f0e64,0
c8e26d2fe3af5187ded2d3204d266cc8bd8f7dcc,0
4fbe916adac0bd6ad56c863e70f1a3eb42f24b96,0
0fb95f688af6357a606fd17faa2bc20a5fb9ee50,0
df54233ef55e90b1ada4c49cfd14b49f8069dd79,0
501acc11394e4b008d733b835aed87e4190bf52a,0
4f66923374e0f5e312c41dcc955cfcc653a95d02,0
6b716e6a3bd7000746ee32cdcaa07c7c28ba4747,0
11f92ea14879c2cd4464f6bc124e3dc1717a4649,0
bc9d831e397c1bbc8a8866e10d40942eb2d82687,0
c89aac8630fbbdec4fc6969d241459810eb1e8d2,0
ffab64e0b7b8deef94cc46ee4633595357352234,0
ac2298631b4bb1ee8eeea5a3788b9aee750ce20c,0
37093d3b9dcf4c34b58e2d65971f0b30230ff630,0
8c7d3a3b3553c57b46279d23a14c3c1c4b1a004e,0
8f4cf677920a5c00280f76c7ee7ea6c996b34ff6,1
5e1816009b086574a20b3c107f685d51a7e809f4,1
11ecb7423f2b20a28dab8ed9a2089667408bb0fa,0
97bc4fa48147f28d3829c18d5de0f25a35dd4ed7,0
1f62431ebcbc1fb9654151c999349bf0204c465c,0
b20037323ca34f2c33d47f0a318e1e89534274f7,0
b9f179c29e965eb4e9bf15acb86d56c8d4b51088,0
0456e7a94e139a104f3190e41372511dc82538a5,0
4d359f242ab1086f295006f4a9f05af3989b9701,0
068d522e96a3a7becc0929ebef4e138dd9432656,0
1bb7b0d18c27b9d61f1010c860adc4e643659d82,0
e11175271927a538f6374385e9129146eff20675,0
29db3b8d20363eddc3d63138eb4c171a38026a08,0
1ed5b4f9b1ae9136b2749fd0ef33f2efefc6762f,0
c547175b4291860bf5e6a52af7e574bc5e214dc0,0
f8b0a0a96ecc08fef15c2e7e66bf0a62c3616858,0
702283a604f830a4b26227a985001e1eeeb08a72,0
99416b6ad6f1e0eb7f880110242cf7f56cfb8cfe,0
4fdca223ea9a9a001a5c7fb8b7a1a9e1e2601c91,0
621310a7a10aab3724fa296bb219bed6d17c8d4f,0
b6eba5a39fc01b9aca0723ae7f641209edfb35a5,0
b3ea5700601bcdfa886ac14c2aa4d2c38e067aeb,0
4163051922120b1ec18cd36fa447bc8042048e3a,0
e96e42052d116050a3fb3a5b4985c2eefd55baf2,0
2cf4876910e41f70bd4180879fdc0b7aa9057491,0
22b03e399fb522f7a0b335f002faea5ec09a2af9,0
bc9a682f5b4ad2b0ac522d0cbb74be99de4fdf45,0
0c8e43a35f4aa8a665257068bc58e79f1c7d86f3,0
c0569d51fea5945863521f6b6b169864fe31e989,0
3405c2315e0e10dfd2166b06c31b38b753c4168d,0
8384ceb68fea01f6300eb7cfbf6a7f741dc663dc,0
b4228f23fc292d0ce7a85b3aae891590046858b0,0
80dd4f95b35dbed327751538fdfdc92b6a32a256,0
735424f8ae3d6f7cb2c3c7e2caf93117db1a1a26,0
9aecbb73a451defddb39f1442ab69d506bf73b05,0
cf55aa2be503ad7ea7ae8193d7bc0eee4fd4f5cc,0
9d17acdf427e485a129b2e8f5bbbe27070f9caaf,0
31e17de30fa55902b1920a0d3e15c5dce469b266,0
a19c3cf806cb165c51bc8369daef3c5d99305b72,0
6e08fb32f181a4a6c35c7c879a81c388e15ad0b4,0
5489f12f51e4c11fd3946ea47637f6aa424a68f5,0
6f59ec9ed6e4f2e6f33a9c0dd854a1d22e1aa45a,0
56fa619ec3d375a7c2ee3ae5febb9d0fc8a9f485,0
ec733f8435430670f0226649e25750f80a9c08c2,0
ac0988858e5378c73e5c561ecf46be9e3f3be65d,0
798c243d4c06f524cbc3bff5a513191a548e6f7f,0
7c2e528533b4ddbb6efe070eb60ede5b24779afa,0
83dff64651def14c82655b59ffc3e07e4c7e474f,0
2ff37f9cc88345fa23e10aae3ee3861e1a528e32,0
ccb0bba48e88c4a66f2d8111437aa314df4fbad1,0
82b606bdc99b94dfa789f1c6554169d01bcee36f,0
5a671225d61d649349e039a77da9cb619568ac37,0
df36a9af8532a9a12618d08c4b72aace3191f343,0
4b48efeb62f9fad4450e304c8243609340b3d399,0
4379255a163277404b036c16e40b45013ea342e7,0
b6bff1dd748a0617ca4794114b7b8a133aa77858,0
0234c09cd6ae6bccfcbddffaf0e13d11b4eb5783,0
db595370bce82baec9ec7455c601bf45feaefd0b,0
a2c8876ea4aa2df8b34c6fc140625b1ca452997d,0
5cd52c7431b19eaad3a614e9ad627ff99fd1a20e,0
6b3f2654d556e3bc75121916d0db7ff0bc63c3ad,0
7d9d905705fb1e0a4d6ce10166c9019d0e1d2e14,0
e127ae8ba3cc201f45408458b0d0f6fde1303dfc,0
42ddee8c05780bcc4ee1f62ad6b01f7b73fdffa4,0
95b77f800110eb323cffc804c810b696fdbfb267,0
592709b1345537ff78ce22609b10eb85657b5ad8,0
9897ca50e1448e94c75e7d1ffc46344bb629b0dd,0
d1637963e2d046fb311eff28f677303b7f8a610c,0
844207b9516c51d8ceee212d27d7fab9c8b3d4d6,0
aaced7a5d88dbf1f89435634560943d25d7b4742,0
a318e8a02d462e4883447e6c2b7e7493ca57af1a,0
23c7c4528c44298762a75bc9ba65d0936895f7f0,0
c2bf1388f0f7b798178e6a55e926034845e9a033,0
6dcc9aa1c68d8f0c4656a8e25e12d12e9527f6bf,0
06e962a7fa104417d7993ff34d22fc610f24f322,0
a18e592cb34582bcaf7a10d0922f4f95f848fba3,0
c0b937149c6fdfb48addfdd9c52adf8383e28e00,0
bafc35b0d7ae36d263321fc49a911b0a4f4aa4ef,0
2d8526d805c682d7b4d6b8078f2ca72239004827,0
362302baaf5d343d75d8d9422bed08fa23e69e37,0
5d30c28b0118116663ccaddc3be9253cafb57590,0
420279649bac20883ad3679db59f72bd9d0c4266,0
5871362c37656ec737003ebd134a5255342aa59c,0
6f995b6930e99ee5be87ecadcc4fd6fa358e4102,0
30756bce11c2bb25b071e3a55f2ea4a2ea19d370,0
60dd95c061261a3de7ffabdef82959eb24bd2f69,0
ef9d3160bab01300f04f1aa9ef42f61c7333d563,0
0f855f30f9a44417735c69422d13795e1dcea94f,0
cb255841b52dec8313063eef29c92cdf0b6fd8b7,0
fd40d84892d4c3b2a18cd7cacc49e3183f679ead,0
60e3db2b3c1e9a11fb7f2e811c646a859de72961,0
c3343c22d02d35d1703b91eb22e26552a4bd8f50,0
0bfd7b231345b1cdaaf9c34a6491ae401b62e0c4,0
1de69b2202f7323c215a04f73a8bb6abc1fc3beb,0
4299ec0b88d48d101ebba8e3ae1ce40a0b15aba5,0
08c3cb3ca8e80a852d7bab63abea40185058a4a2,0
f3d53d981e8714c8aeac43f78accca0fed830942,0
0c24d4e448a9bf3247d99cccc26806e082950b7f,0
65691e0c6acdcc0602dd499e1921258097508595,0
80b841e8b1d63b9b8f733d253f25f813c2322aa4,0
4dd57f1e6fe3dcdbd1cf3d205b0f5fa6992d70b4,0
b8c3ede0676d3f70cfdf62643851a948720a7e48,0
ee38e3bf393387481e0fcb78899ad5f0a8505435,0
d65e5752d37c1113c707b7953ae69df6f0ba61d4,0
924284e024c4b605562954c77f5051ecd0f02589,0
c0fa5c24b1229379d602b26c3515aeb8550946de,0
2b1e0a060f82c875882e08691399ab33a30c8a7e,0
99a64269551c2f775850a936c4a68afee97bf7ed,0
70d2c18884d963f3a9a1766ea9866ee2fba7d92d,0
1d0c6447f8964630c90992edaca7fbf61c4e2cee,0
e523dc220a8deefad864e122141e7d30023c4e97,0
b4eb0c8f08893656eb6568d49c0c9f081a24b39c,0
a41cd6fd0b5c01da0d1325a84f95855fd18916bd,0
f0b82c0c515fcfba7a49d36129ef0df706a77025,0
94dd57c74f63687eee0b71f02641e86dbdc7760b,0
b917ff25c77cd8cb8cd5edd1579909a938ed8d80,0
049b0e5f7ac2137e3a9014ed303990f61b8d6bc7,0
c0fb1417fb727bedbee581c76a8ecfc438e75f47,0
6500f276edf2c867a037b73e6aca45e9f1a52370,0
bf312206b633c6891d4685a18fbbc01a0614ad46,0
b8269a2670a4d507cf8c69ebcb6227c6a6a8f190,0
39d193412fd7cd2ff176dfee6ebca5cb90bdfec3,0
a0c42dfe2f14b7c8e013cf546622a967f79c1421,0
c555c0ca2d7483e8a2716ca7a16239b546125069,0
95cdce973921158a421a47d12bd34d116c5f6cbf,0
f7e7018e3f83f6e5d30b301ef7d8fddf0fc8655b,0
b46739992101ef697ba0dd9c8919b984f1771c62,0
19c3ef3fdd0cf9c32be6fd8974a68abddb010258,0
42e884042b9704b5ef9350e418e3dea76b7492e0,0
2fc5274fd451edad720c75ae2c6bcb4c4f77ac58,0
0e131539c9741f9915987308f90d419ed050e274,0
560fb127eb0123b7b7f2e5683bca1a8122080adf,0
640b6722a0f83b5c4fc0465c85ffd62809d183b5,0
403112ddf00427c0fb813f2c3158e3823f256426,0
dcadecbf70090b636fdeb37737aae35c236f8f3f,0
25f9cac74aa4d9f2f48f7958e3750363427eb5be,0
7805c7f4ff5320fe972b9b41fc10ec253974e67a,0
a89882fce1360b36279cde8cc41c31b6a98c64c5,0
bc5d41dfd6dc05c84fb7c19ec956a21f95824b4f,0
d9aee80936d47020da4d0386cf3e87075046dd27,0
3f4296a416f2130d7d9601db996ed61a818e0ef1,0
abe1797c7d72214cb33eff89d45103778eab00ee,0
4be52713f0b2d1203a0f1c3c443d56103143791f,0
06c162c73f2b948fb24872f392f5de673f18a167,0
78bed9a0e533c5eb08e83cd46f41091a562a2b09,0
43473cdf44dd9857f9405146e7033aaea6db14c3,0
93ba0ae12470f110f6df066b0dfb65eece04dcd8,0
83145c9ec891b490d31d08295fca552d525819c8,0
e0a880d70f5e80e0c81c3442bef20d327c4b5fef,0
7fb86a57e7bd80e904be6775393bcb2b282bffb6,0
e7ea7450e45eadf0be23d5b060d26608396ac7a0,0
5ee4a42bb83f46ed0e8842bde45a54e95a1ce207,0
9afc26a4c6be7331c0d727116aa43bf9da6e6fc9,0
f4515e3067f366a4b952d523d980a8826f5c07e1,0
7b0511b647e6b97ce2fa55b7c4c1096aa674d54b,0
300548ef8adade3358f0f1aa57ba5521ff81e186,0
9bc1d669af9d7c2036ffd12fa370ee3b34578d9b,0
6d979f07041293c2891d80bb405f0a5a948ccb6a,0
29755b7c42b2017cd9421124395da3903939c662,0
e42cd94db4d84bca723939ca64013f001b5e48eb,0
2ab915fe6f21de6ce78f97292c1444f88b71ab01,0
914cef189dc0c47e1f620065ae88459f4b6bc0dc,0
10f1adc8efae13f89e4892e308c3fbc657d7a707,0
f1995f704e1d1e2356529300dd3fae86f1f17bbd,0
ec3893692996f38cc0a7d76a35ff171e57c929ee,0
70fe7815ee6105ce5a21b0b9afae922a88c6fc84,0
d30ea466729e42fa2ed7df430443711933249f62,0
8b5161ad17940194ef21b5c06dafdee7a2c5813c,0
c18145b8caed81975693618d503a0c82f12169b7,0
87347b6be5e8228a7444bdd0adb175232fa1fde3,0
20f4b3c4df89f2de55c6692a5d86859ed00fda8f,0
8aef58d87b77464c17d39afc53d80ccc1f42fced,0
12c6af27f39aa07fc1f454ab7eb65b09d46942f3,0
c2c00997eda2df152b0da550330cb01ac4cc7829,0
5a61cf75dfc6d1fe6cd57b8ecdb6f61e223f8b76,0
a104ce06cb2da6e44cbbff0a5b4fbad10de7964b,0
428155703d31ba5b6d90d1418ed559737025a1fe,0
6e2387e78c556fac263a19fa2aa5eee25fc57008,0
6f67d92c5b0f5734c399fe48271778318e6bb139,0
bd2c74e8429e341ed45afe4db3e9af7ad7721895,0
b55efef4e7a07477bd5daaef6c271146d6159359,0
3cdb39d36e42e26485dc9871d80b9b95a6dea091,0
bff9155fdada491a1561a01f079d7a13b3ac1dbf,0
8a5ce3d39d5e9338e70364edbb6290aec42f869b,0
e782c00b9b03fd827168c30b6fde6ece5cdff01d,0
71d278617612f994e9ca845ec1c8dbef48701004,0
86a2c223321263461b4e2b2e16c0207b689db161,0
904915428077673d323cceb36f4d4d4dcfc94f63,0
90318e0b819a7ad19c5a76142a0ce32bfbd081f9,0
4af118b193038775f8c1d22d4b3497095cfa9091,0
6e594c3748354b28c7a98c0ab6e45509063793a7,0
512cde6b9651e77e2275d135ea3a52e7a39f9bcc,0
5d2e387a89891bb0b5f424820eef1d63b2722cea,0
71562c01c6ca285f1b9b2d90c27b7d63d604c9c9,0
f4e663e2fd46eadda4b1f9df2f8eb080d884e70f,0
1d279ca29e0fedd0bbb780548750a1ab5b64ae50,0
5640e6b262a053731ac245ec19790f4f9ac6aeac,0
0e40233004cd44f40a5588bc927a5a7b8f25bed4,0
61b3a1e4ca09763c3c1692ddaeb15a682eadba1e,0
ec3a29af0de8cf8dcf07d65ce41e6e482c1e7481,0
077e993f5d58af3b0970bc7e56584d0732424663,0
b5c99af771156f08c85bb4745c61cf5f8f856892,0
d0ed109b44e20fc373b228f83fdff454e1e746f0,0
f4b40a4b6d8a09dd0a65dc2e8063010b344fdbad,0
82311263bcbd7ae52b92847f4113f510d1c4e543,0
49ed122b395170fb5c6252d829c517d44f79afcf,0
d58cc47e83910b4fe53b4f61eabd627b6508cb3a,0
1b000d29fb61efc0df2043d7f5de1497803c84e7,0
aaf424a6432e2f631beb8ff0e87f400d933ef92f,0
85fd36e771f063536e8aa2630c3d774778edc441,0
15f0d0110850bff99f440e299708f56c105aeeb8,0
2be5970bef21cbc2bcfe8e5915d708476d50803d,0
f4eb0416a9735a16101705b1c829e525f91a6edf,0
b26aa5b650e149f068630f8776aeee043479e0d0,0
11e07d644c15367c64ff3f13ac6048adf9a99c46,0
0a7751e1570700541369e71794525d8db50aeb5f,0
2b7b52cd55b4ca045123a015b7288ef64eb86338,0
52bc1d0711105918b35423c9a202cad6635eb5b8,0
4f2f2aefa6af2cdc076f2e9d4bf7bc0ca32c0048,0
048d71b93a2de31f3c73fe72a878e5a95657f9c9,0
ba7dc77825a94aa0becceeda1efedc968c3329e6,0
a7a6fe5473646d481f8135230df44170c6e57321,0
8cbb3cf1ca6572f89f22a5cbaa5a42bccdef0bff,0
73ae3a608b443283ed37b21f34b7a2eb1044422d,0
fb71727aee0f7ea9118b59e23ff74737bebf052c,0
b1c0d7f435693c59df80f54c46c373a9c35f33ea,0
ad2c60105ad0110fa3b3116f23cb72571dce8068,0
f5318f2c7a585635bc07a495b88e081f4d54abb8,0
4fb446ef155f7de5c6eda297630bb9913e86dfc8,0
91ba1a4703da342e14fd85f4bc0bd58d802cf513,0
501fb1f03285cebd08f4fe5dd129f3e7521e56fa,0
b857c4ef542a8eb008db98683a7500784fff9654,0
aa6ac1f399dde6cc3b9e682c5a20da807974fa90,0
db0100eda17c624f5d7e92d8768f57e619f1a7e0,0
c860a9a648e039840a1eeeca8ee53d8619a94907,0
f6e18f9227d354e836a321726f915e1d437038c3,0
33f9ada63fdb14edca1080a9dd1a2610cf8b04e0,0
01ad786aed96527b6eb3a588eadf596526b0594b,0
6c0b781a665a7def560418dd16d535c923600043,0
a49c8a6d588be91b7bff07ea2dc25033f37ffb1a,0
0014028484e2652d6ba7689e92d5734544805ab0,0
130ad90fee19e3180e74b10e8bbc6977747dfe0b,0
ec4430e71e577432db3d2f681bf553dd7d1c24ee,0
25019ff826afcb98c48a26cf74e0a6e43cbcbe96,0
a2f87f07a1d4246fdf8ca6d6188344e23d4fce47,0
1fc95d1cfe24ad03515256692222be9a061b901d,0
db7c938e20d8dd845073535b8a8b032414a2ff5a,0
44f2997f5c49ac4118da77befcc6a3ba28f310c3,0
901834365e092ab652a414d03781f3a0f288c0d9,0
1a17054ad6b811873eaa60764f0101dc2a0a02ff,0
36dc016e01c6922fdf7ac6e97796d336a742a5ae,0
6a7b706e0afcea0da8b0dc4c7f59eda78b55d9e1,0
e5a945d114329e0ece9840fe0a98daf0b9e6b368,0
3c16bc0bb7b3ca2fde74fe3d8f66dc57e6cd1582,0
cb06c5f6eab60e5fae1ff87e7458bf0194b75094,0
fedc59e08a5ea30b1a55dbd016b3455135f987be,0
b11b265f269125ba76aef1ae3a5b293dbaa5ffdc,0
489f4b42c3c1dbc4505d86a1294a834b63202394,0
c88f2ca66e495053fe3439969e58a50237f4bf83,0
5850493bf8e86f1b35611f93ca75cda7dd6d9a6d,0
6e98f07cfc661a12cd40a3a7cd90ca2d9135d42e,0
c7f37cde27eea98d423b7a7e671fb467de2a462f,0
ea0959f3eb67d92b91aa9fdba62369a92aa54495,0
9773d7d8dc142774643d6fe5e1ed2d5d88551262,0
5eae1c235576a2c9ad6398800df351709aaa2f69,0
0a2546d311f8b99207fdf78ecd66498c4387897e,0
acc28e8c76939ade86eab1b2ca8e1bfb9b47a1af,0
e713f4441ded0bfdbbde44b5c91d3d0a9a0bc098,0
05b7853688b26ac43c40c05751cbfeb482034a9f,0
f414fc9d041f88a4769e6b9582ab30f1cce4b69f,0
ea01731dd88dd1e82defef02cd4292d3fd6dc86b,0
c8d47b7f69ec83166b1bd68308398125dda93cf5,0
478ecf62f4302bae0bb2c7af92e5d783d210f589,0
44cffc0d0886abed008c8556a928cd1878e6cce6,0
2e1ddf2f0d415c5135e6682179f82203bd3046a9,0
8800aec7172fc2be8f39b5d00045968ca24338b9,0
8561606b814d48aef7f220e08f0e4b7d68206230,0
576fae6a5b8576bb0ac9e203f9213f08adb2c245,0
753e35169f132ac6edc1aeca122126482bfee361,0
54e67bf833ea7e2f1fdc3b469daf3ee97c58ad13,0
96960e31bc3070efd63f17278bf6282170884b7e,0
e7ff1fec15ca15139f305c06b38114aef40e8fb7,0
d7bbc42de9ec673c47f0194c9b7c5b251f29e3d9,0
c1fe6807a38da25f6786d237a6faecfae6f37777,0
fb5ab96a46400b727eab70e45725af35a571daff,0
099b71e675a2093c260db4c411c3bf50986fa8a7,0
22d8236db76e1851f9ba75b702bd631a021fae32,0
4207695f2c788797a28a6a9ac9adad78e12e7934,0
6e016a8f6fd7f8c743562a11c9210ecd0dc854e9,0
2f183a7333892729e4d98526bd5078cf402e8215,0
694400e24cdf59607a144e03d5583022e952512d,0
ef033b019aaaf979f57b08a740e8bb6fabf22b4c,0
14c4add81b91ffd418a7c25ff4f4cf3395160bde,0
1a477a4ecf83e91c1ee5c09397995bc14c45141e,0
79d8c86580821bb8ba4830006294b7a409d3c68e,0
a15707097460720a7f95471f92971d42d4eb0846,0
9ded000a615fb1a5ad7809bb788b90190e3ad690,0
854badc1f0ceb9e536125044731dbc6f9ebda0ec,0
c2b1d65dc2ea2bffac1aa2583aaf2139728ce3ae,0
ee369cea09e5a435a13e50714c520409803dc57e,0
83230dc5d38330bbb053088a43cd96d639c88645,0
02ac73d7db9750d4bf58298ee210b92a4ae0dfb4,0
70f8bacaa4dd47f32404d25d63996bdb5b9f8c64,0
16503cca8e05f9b74307ad864e0562d8a93cb7f4,0
8c8e1c14be940bc15c926d8d714cddbb4942a4f5,0
070b854fa5c9878db6e26e485939defacf284fd9,0
51f7768ac27fca504330aadfb2f807a8dec11983,0
8b164664a021023c7677dbe1a29632b4c74bc6e4,0
b26ee6f4a3b8d5a13f15602cde31c0b375ee3c70,0
6c02bf174c915c90353424d574e83b277d70a02e,0
5bc53040437842e3ea966aa353510652bd37756a,0
6bb7ee46ecccdc33aa210b562d15b7cdfe2068e6,0
5b8df58441e773341353ce49c278cb57c03e3a16,0
4db90a865f9d887d83bfbccc3b1a19640811cd3c,0
8d1ba4b4d92e5728fc441f8b831f88e041aaead8,0
bbac005adef83edbd05ae61af588edaa6d6febb4,0
d7c2089a5af14d133883e2c39b5bfebde3865a45,0
831131581133d7037e3c66aa1191eedc70beb480,0
d304112c9fbc3b5bf0abdcf7bf5e3f6d0be85e47,0
da7302ce251af4151a191009cedff4a2e30d1dad,0
f2e94deea8f4c8f9c2852d0902a0a9fae0e24f69,0
202ef4f45a141a4c75d6818f3c6df097e3154b12,0
3907acb4c9b20a90ef5864959e3cde579ba997fb,0
3d47b9079800026fec1ecb8adb4714a4eae7a201,0
f4211e03c9a2efc2741642878a3e1fbef6e51066,0
cf956b5ddf8caff3dfa6081f678ab7fd60ec9f94,0
36c750413ad3ba12554d6dd286dcaf8b0e063915,0
f18544549946d426fa963e37569d63bb6af66064,0
b0565c982bde647de2beabae10dfb0ba9b062ac4,0
5535992615dbcb07af54db1c29aba5a59255bc26,0
0fc8d8e858e194984a16b1150ec70b50f387e404,0
0a9993a44fb19393f5a6a6fa267f42c2e5d290c5,0
99284b4363d050752e942ba28652f78f4cac2db8,0
bf0d93b6eeb1d220e6d06e4b0b374d32912d32ff,0
e00e2a1660c06c2281da28447d06e74ef37bdfec,0
c30391f759c84627373aa0958856ab350c1aa61e,0
6261cae1e6305435c3b511a8cbba6b549fc54b33,0
406092099e0b34982530b5376f4c3bd8c0aa1ffd,0
6815079f2f3fb2d16944ac96a961e08e624570cf,0
d7e37fff37df5863361e28310fac0287363cb77d,0
92ac6f2fd6a93195847e265b9e7a71c5cd195dc1,0
2d2ee66bae5c8d98d724e512863c1c2fb478032e,0
995b5137af2ffc20d483a922a4d04dc343479896,0
0766c2cc5a2958c5bc92db21456fa824fd76c81e,0
55f7a0d0c95e10a5824fe70ce84b1744e0244335,0
8fae7676aca53ace81b046e82da6dc46b337298f,0
3ded531c8f0c8769ddf36d041d7147944f7d77a9,0
fd152eacbf655e98f351371c4a5fd88c01402245,0
0eb43db9fb956c2fc0c2873636c99bdcb7d7a683,0
22a4ae6f1a907bb2b7b8e6d5d2d4b1ef28235d27,0
0e154a6f23dc899625f45ab67bab8123531de497,0
cc3eca71b3d6bd19f7d6e743821bbfafd140c1b3,0
aac9cd1e4eecc519dd52d149312464fb8c3ccd06,0
45a06f3137262fba7aba23d1ac4decc4959fdfb0,0
3ede774f7b356d18a5aa6b76b193d01731502723,0
ba19424db50076a86290c66b61b7ac5222ee54c4,0
56e35947391a986f80da99c925d05fe2ec43a3e8,0
8202355f72d4fec77823cd91b7df85b542dc7504,0
2f50f834782d360dce2fec1bf5ac84b56c24272e,0
590f4c4b82d1a0f8665820765030ba71b9a07647,0
e5187d474323a27403266d35c0fa01b2b5b6f8c7,0
7e606564df3c408f8aa3f0dfadff89f5ef6f14ed,0
518ade044bb6a23a02fadf90b5c42fd7f7c86ab2,0
bc87682a8f05700d65debb55ea986168b88f8d07,0
8d0e075e9ac6fbd77537ececbe119f8dda1013da,0
ac40b633c21fba501203998d87b27b7447c80398,0
6f0a7d92f72d0f92de7735a700146555748247ef,0
2d51418448526d786904bdf35ac3c90c83a81d59,0
c20e389a87eeb0984c101adc31811979621e1447,0
cb2f5703d9f29f569a5a17e8c6ef2b4dbd822ee7,0
351c8389e2ab93564e69681e4cca579bf0030c82,0
32b80b452971c149d54192b7ad7c144dac0b7469,0
90534108d039deceee2f9dc51f6f21b3f14b6a99,0
840b5595447648c1e320de44fd7ef80032164df2,0
ec024024724908c6cf0ae25a0610d657ca6bd824,0
e554df7cb355859e35c5a6b48a152e66c39726ec,0
e196da34c0eea57d0ae197c8a47579a5f065317e,0
56d4ccc86b43e89ca84881a6ff667619dbe48c12,0
1b720e6ebd315906b8ca902da48c631bd80d6657,0
82377dc2b828e3836714ec70391fd59cacb509ea,0
2773fb80c1ff2514e42a0ffb03f7c243981b0c88,0
7beee60a4aa16032396850b47658fe36b09eafec,0
1c32e8c537867c1358528a1c2a071708856e8124,0
9e29f28f29a787c35ee72ef1068c6130f676a724,0
a2b82e7a697df6523ca9c1944a8bbba8b4b8dc32,0
a78c32a5b7f543550c727e8e39dc3d5abb3e16f8,0
1e887e05424641319dcf04f6933a4e26c9854fd2,0
4b432805998778543d9cc35780ab80dfd3cb3ace,0
b0d1f1d98bfde2b01d26f4be1d1a4aa4bf53937d,0
e55d39a0cd16bdca8326c5c90ea7f5eb570f8c2f,0
e0202202d2047019995c31790d6a537b08a6f273,0
ccab6ce5b8871638865b0359b652f51f160e35dc,0
a8d0babc37346c85fb0cf1f13f4de6d519205abd,0
0b4a2819c6a349b2ef0c39033e2d1199b4c51aa2,0
d98e7dc3e66766f27b6bb2436d014f9fe1f244e0,0
fa3142ccc44b3e64857ed842a5f100fa6686f19e,0
c3a92c9caa7c1f361956702f834a5ad9fa042074,0
22411348fa95ec23fa8e22f8022a385b76050a55,0
88e3e216bffeea78a4f00ab66c20a0450389a42a,0
269083fa81680d347b17ea99daf1e27284d3f22d,0
34317a59ea8e096d71979e9df8adf4db0bb8c0b0,0
fcdd8e9ad72ed499947803a45c0f47c403263a01,0
fac0b651c0a2b313eac3bcd458f72133ea751b90,0
ef2225caa044b5a39e2d8ee275bc7efd3de2e55e,0
e2a50aa003ba7b2ef526d48822d0ff941f88c78b,0
3380cc74881e16157369a8fa7508d0a05c750fdd,0
28c710927f71d0129fa668e48f6a8987671f2373,0
30679587e5cadc77710251104450ec1d9461bb49,0
884590e74f203227c0eeeec0eed54bad45725a97,0
4d341e579518ca094f9466ea59c41356412c4c08,0
0dd767ed34c474d722d46da46c213e8c283f3e26,0
7cd6526390957565f5bfe52f22eaba5d6e143603,0
60f1b1963364a13744feb696252e4c0ac98ec76e,0
971a6323d6e7e7bc77ed57c075a1b7876a72d8bc,0
8a0b91b2a9eac61f4436d76c22164e2d592502f5,0
143f78072bc2b78e1d33a02a5d95da887f524c52,0
ddf87024fdb1f70776353bc26ff0f4e58836b575,0
8b8f7f08335957eee131130ecd3a954b99d59d76,0
a902afbf61e46f10a5035b79e324228405790a0e,0
a7aa9e59d5a94adac9d012431caa94caa752d30d,0
c4113cdb4b6e8d890c0c784488584277c7392486,0
69ee592d6313830c397f4f98c291b05dc6cbfe89,0
5f1e1b40fa561f12fb8a986f16a48d7e0bc5f916,0
4bbe4726d5680f25312ffa29493c5738e2d380d1,0
9a73fff22573b13227529ef3eb5786d223f37c79,0
d016c73cbb6615e6dfa392e06a30e95144105db1,0
2eddbf8b6290a1184e95fc6988ffebf06156c1b8,0
84188fcf0add2434fe4732b7134e5fa190321af1,0
ee6d9cf600f0540494bcc685568924172ea3132d,0
e65bdbdc81707aeb1a4db3c5203a8bddc56d1e51,0
e7ae973decb3f19bc693ee14a7c9105ea8c9c23b,0
8f79c695cc866668851a0ab1064f8b71a04918df,0
4811da2284bfe06ed905edfdc02427d8b9be8c4b,0
ac115b69f46e68f5eb9ebe42d76ece29bd67bef6,0
9e1261ae4f81f81282c0450af3ac0ef1ab824ce3,0
9ea20ab7ecdb227c4f1ae44fb62fb23dc26fb39b,0
540ef5c883a2624888a9f5c1edcd5f1008202f16,0
a220745c1494912dbdb17ba4f2715f17189233c6,0
277141f84c4011c87255392ee7184cb255dff6a4,0
e2c3bf53e24f54bb19e2b14ba47cd9d515d30b07,0
8074e7e4fafec571083e03eef0e7cb4bbd339750,0
06538ee1c211f531adde85cfc302e3d35bec311a,0
b5c02f72f3077be25bb9745d666905a838a45ffd,0
51ad809bf9e8cc5f40986d4d0a6f77ae4e07a583,0
2051887152c313ace1298f38940bbd070bdf1f77,0
fb47cad657a840760f5fbfb87aa610cdfb5c11ff,0
a9ad539a5763fe0230bece70bfb4cf814ed3826f,0
4134ccf59fea0bb65d0c4bdadc4afec24301cd08,0
0586e410ff725d58a5196dc5431b0a04ca7b99a1,0
ec4966c5ed0dc658f501161ac2b3620dcb86fd3c,0
8128a3cfc0ab131565421113cf1833f3916d01fd,0
3bd68679021d01252c0a9a70dfb44b4ce6484fde,0
1d08afaff747c38e9472792b1116c41df27b46e0,0
acf2130ff75d4910be368f0b71a32d22f33ec0e9,0
183aed9e2a0879d99aa884f6796c241d682ebcb7,0
39d96e280a070cb3dfc0f007084435881645ffac,0
9ffefb6590eb67889af7de8594378c90b6bb8b71,0
54fb9665e2c3898d3ddf1c11a9a60278a4b4cd55,0
61ea65497c21b7e1532c0de04ed523be477f022f,0
e986c141e6038f7e0b87d49a0a4c5a3c42a60ff7,0
eff4553f521ff0af3b3de0476a7769a97b52185d,0
60327ab88958e5c7079271057743b0cacb54a0d3,0
1ba0a583105f0d1ea83703b059e7434e81b4711c,0
63679d6c35032ec5f924c8e5c7b9d29b8bd0d866,0
de9ef719dc7913ef27a72430c4f0fcfe0e3fb153,0
cc97d0fa7023ed115c93150012b6b22558c9d167,0
8d8b0a302558f9d49d9aa2ba41036a6c2c49904a,0
9957a05730efb370c35fd139528f5b87620dfb7c,0
7771346da09db448d2523f2faf474dd791cb2f15,0
a76557685f5721cf34068844f719bb1f0396b106,0
58f95f5db79ee3f6c56b5213167f45522346755e,0
e2f70a06eb3445c144915001cdbfdc730dcd6c29,0
8f28948d2e4e4dad730da2ad3de9d96c539dbdba,0
8d4657a62bf7e5d711f9b32d2e86e0a7757d58e6,0
87b6150a9b947aac3855e474dd12413268989a10,0
ed47b3b2aba76cf3c2f10b35ce0da42d78fa4f91,0
353729f95c69df571dcf32d0de7e4e0795dbeb42,0
27cbfb73c305d20fe57021de04b5f0e3d143fc23,0
53078e1c44896b757d31f3ae2f2fd90ed6a4eef9,0
b9e104e6b51b043aba62667c3c876dc7fbc789e8,0
8228c8be677bcf5f289101b60cc6fe5607a5e553,0
938f299a7445a12f001006077334d0632a2e2063,0
c89455f239f6f04abd0d6e2aaa7247102eb3607b,0
f7422002dccc7de4f64c9432f58ce4bc10b44363,0
edff6aba473efc3264c286b216c64822f41ec829,0
e2c2c81a58f1cb967d3d9e7d856af891d2402e34,0
4c9e161a6edefe2cde343904686edaa4bcea7bf1,0
918d7f3a3991e834533f4378d4cb7b88062eb828,0
d98e9106c784f4add93e1d434f71bc071b78d935,0
5d6eb0a722bc65e5b5278e6072c2dad4d42ee4b8,0
651c82e5303478913280a6020ac6558e62922e4d,0
c9113337303b2ae5f5bfc299a93f992ab487c0a0,0
0aedc9fdc9c10ba54c59b2891f80de4eeb438061,0
5c74bab33837d191bb51ff03e21b963b539056d8,0
a81c539b9df9759818186ef8ac28b880747b3485,0
eb25555ab32d2a748f630ac057ac2ef228b0e9ae,0
02184fc76acc35dc5450165e553357d48c5ade5c,0
9c9cac8ff880854dabe276abffa0916ec5777a26,0
fd48510e21fa52fca78893a591677a21e8389b96,0
4b7c32c6265e24f46f6b2783926708a5d91a16b9,0
6c463d56a6c998a4d30de44ce8c907e0943f7b1f,0
ad6f21d9c62f636a8cfb2ca5ff04516df8a4106c,0
aab05c3815d36ac2151a942ff516719ee2432a0f,0
c80ec21cc5f557035483780ef0d538f244991625,0
f2031cb9d76de2db2ebc91fe8cf77a7433167f97,0
f626a98e845a45fd947806e548e97d944d23facb,0
90772299b9992d06d4ff353989aa8b79afbcc22e,0
f986dbc7b6f3e2830d0ec8fb8d1adc0c79213324,0
c7ca6159318e261ff0cad551f31d45069d5cc856,0
cf9ab32a974bc3bea6ef8a0a0a946057e5adeea5,0
56345f444c0a11d498560afa9baa4d95e87388f5,0
3c3d12f8c87588cdeeea9b5ffccc0d8f3d4d57b2,0
975dbdba4de3e4f9aa9a297ed44293fd99478fae,0
386a4973507348099b39190a74dde673106d4e59,0
7f456d1f3248d631a577c26d55303dc259d0aec0,0
4ffb1dbaab815ffa0c26951a44b729e735e73560,0
33956359c84892e9fb32ab1ca8ae2b0646c6f7ce,0
ca3dcfbc29882c4880aa513b9b11b05744d7cd50,0
1e8252f03685ff2054f2984f61162ce678ee2016,0
a7b5881bbc0e3b36cbc1bac5656834c304ed3e63,0
6633ddaecb2e76d70b534c6a3cf793737b554f50,0
8869c6fa61d1a32a0670484cda1787fcdab95082,0
1ed9f48a845178c018e75fd5fbd417b071c75347,0
e0fc96b5d2af6c5f70f6f3335ac84457e92fec3b,0
77eea2270d897631bbb282a9d406fe6047f89636,0
4969c7fbb64829fd76071b891d8c44af0230389f,0
3042f874ef1e8311ca6ba4958eb0f9dea2e289ad,0
e35e340bf36af5f18daebed7913121a85e563764,0
f1fd62f1bc9135231711da3437f193e5e816d2f1,0
0339e40052b1a1de79d47522ba543313e5fc0f81,0
cf863a4789ceb86226fd977e93a023f234477e2e,0
3673f7a8af89081a396c73c0128fca33417fba72,0
6194e6e5e339acd0ab6d3707d4ca4d45060d47e7,0
701d8d782f44483fb17d2a78ce883dd546c4a53a,0
0f720f66a763cb260d8aeeec2c9696fd20519732,0
bc68ddaaf9be7795a8ee7cbdbcb693e6960c97b5,0
950f08102234dd27dfad6912ee3e9902a5e11b16,0
b0afee41e85af0b69d2ca6884f03f77189f607d8,0
ea54e74634d98a5c47f94bb278e358bdcf17951a,0
12b8a683359a3e9e25e95470820511a0ed0a555f,0
cad23ccfd631da648565382129102c7465460889,0
4ec593a2da8134288e1632d9ee4b073b4ac7f0c1,0
38c45d84f59e6d77a84d823836076fc626bcb163,0
98bb20a658cf355dfb0fb568481b4a10af4777c8,0
843b61ae2c88a3d9ae0dcaf8dcccded18a053b96,0
cbd5aa71b67302f57d387073e9d8079b2ac729b6,0
e5d5badce4f21fef4aa4cc146cb6abf6613b0270,0
179a990b760c026a9a71817cdbb75024f4324186,0
60ca43a60b9048b96a5d16db183d136de67b5255,0
8309df100f829065d3151f3fbbcbdde1fd2d2bc0,0
5c83d7cfafd1f33a0d17e5376d409065cbc77601,0
da3e29caee268add3944695d40e724bcdc8c37ff,0
f171492051bdc670927b584d9b4ab35d6c5d7b62,0
1e23044de7ce2de062bde214e22838f05abc8936,0
0c28144fc32bae85365b793570ae47dca63a3c51,0
01049875a8c3de4996ed1eda05738288df7ed9ab,0
783602d447ef11ef4f2224bce0e465cd25ba46d9,0
a427b4c21893c6f82d1b307c76f20bcf35761892,0
4f0e0b330f72d20b7eecce0d1a15f3b30bceaedf,0
844c1767a503597ff91ab60afa2fb29a1d977377,0
9a7547d75394f20dda083a3189f77d89cc6cd576,0
cb6cdb0098761f2dd83fc22b41bc56b257e075e4,0
9fe3cdf2a47f05adf1e35e3440ab2b61e5c327f4,0
9e0edd3fff39b87dac63fdc07554dc3f2a55281c,0
d9a7808e3420981d15f7ea03986a8e516fa83de3,0
1e409a3efde86cd125ef936dfac6c0fb34c0ca1b,0
cb0aa4af2ea3d853b4de8e80683dc70f614ca9ef,0
27bd7a5c535ce3d9b18033194a6cb0ae549dc334,0
3df468477cccbf2898ba4528f19ae39d704ebfc8,0
0144faba791ab29d974154e74b20c90f80317a4e,0
d40cfb2f306f0329dcca9ff378b8bb1d3282837b,0
8bc9aaef0ffa15489aa9e34f6cd4e9e21dbfc31c,0
2909b4605922a31b93d02689e115105b392f578d,0
1855dc5350cb551de5b68e969790e666187ba861,0
6326606a43be0cb0a847c210045626bc74e1c321,0
b3a0f89ffbdf9d09aec618ba17e3c6589df473fe,0
57f48ea251c8149c37c4ebd196e3bc17a7bb31ad,0
23fa0b1d60c049fe0030ff79b6551cce518c7ea2,0
afeb747783661dbc35767bbe5e8318de5574bcfe,0
5c61aaf9f929ea43a4f4db18f3099dc2446b39c4,0
0afdf9223dfa2dd790c8af6b9ccaec34e2689537,0
c0f9d5408c2229ae7ebab0a4f2a595cfc0b9bb67,0
9c62858a237666ef25dab008334f09071aff01cc,0
fdcc83c17c43c14dd426619451f2f1d206ee6ec7,0
429a5cfe33db06ba97bf7acc2757228a0d62a2cf,0
19bddfd4ad3350f8163a3e91f95585c88d130138,0
c0a7657b5c3a16e7881b2092fee21adda5616537,0
efd67e15715a2f2d5c904eac23d4c8db42cc2515,0
45204a1c3901b50c706aade8634eb2d580eb37e9,0
4e04976c6691e286aa82c2308051b6ddae7e2131,0
b3062a3c461310909886a7c18b7bbd422ce641f7,0
126181b678000cd7896a1c81fb4e865ab306aa83,0
2220aa621b7df2151667435c4ba5e7eb5afb780f,0
46396c7e666d09eb328d98598e4abd54c7b0b8d6,0
5427bd33b4d39441718ce02f65e32145904d3b22,0
422ddb2da53f64794a7cb9df37f6ef0fac6ac93e,0
4d6a626116b37fb8d30d03428372d0a2db7a5ffb,0
56ff0c329e2989454cea521f7b0c2e0f2da0014a,0
17dff661099e4da297fcde6a8dbbfc710cf4764b,0
2bb0539a3bb8b30b4c97906cd4bd3af9406700b2,0
a105bf19c5e3af98e45e0b2f0e4197c9779c08d4,0
1705178e66410a61710cdca306185839eeff694c,0
fa1f010daa8c6d0c1567fd98e0a4e3395ad620d8,0
47f7abecd284b59b0b305f7eacf7ab83e8b55467,0
0a5367f17feb84b70560547680019c08f69e43cd,0
49db7e0cd460d96b3436aa154b8b3b881c75ff96,0
b31e5b94abbbd131621ff3fb8c89e65c91bc4d05,0
bde2f4fefded7f2032cedf559baac651fa49834a,0
31a38b3efa0075eeecba6ef48ea82421d607b7a0,0
23022350d16d751f82760bbbb9594187aab23090,0
20151886bd44914185a0eff4afa07883537da359,0
8c2329be167936b1232b2b8c6b46c0e40dae02ae,0
24a24782acc054664aefda458a7a7f9c65fcf8ac,0
ca96863f6b6d9fb966a9cfc16c16a037689a6dd8,0
06ba88ca75b539b5e70904efbe0494effc5a84f8,0
d8687720de9843b6552f27c6ac45f4a83272ecaa,0
c8732c60590406c0d8894072f5252d5f81d88a0b,0
49051b4303ae5a15672ac3034c3165142a184651,0
c349dae585a54ab2f91129f30783ff15002e4b52,0
8064a915bea0e0a9d558f77ad092f70f9677a801,0
279905718863f2eba1dea8694553651973aefa04,0
6f308f44d09eaadac12e467f365a199cbadce3d8,0
7a7b7935a180099b00e7a315d3e2f8ca26da7f05,0
5f2a017291e25eea5ac82fcd449f5e27c40de59b,0
bcfe2688b3110b2c04e830312659a249a8ddd3f2,0
1eff2168b3fa0671d09ed415043b4be66b0f8b96,0
87b1b1bc08e5995d374afb968dedc8014846034e,0
12fe611062410252d2d585b55ee2abc956b0c3d2,0
7aa30c894cf26dc3420a267f151ca9d6202de8c1,0
d716946160d46580939203ad4c92e80047b3fc89,0
4d091c0daccd71a616a78f83d77431a72a884a63,0
8f86bee5d379aa885a635f978cae7141b7267be0,0
daf0688b45d204b05cc40ffc4f82abac407adaca,0
1f16648f46730d9df48e7be87a255201304f7dfd,0
e6eecf87623a7166daace51da327e6ada4e071f7,0
1d739b7a07d7b7a8e20b06bd76cd40e539defdfb,0
e751731ad729d879c7646f22ccdaa6f4330b6f72,0
63a6fefec4e0e460cf491558c899ac4b8715a6a7,0
da813182e49b43b2d085a1fa924d56777b629262,0
595fc8c0b426a4c0c66e42cc1f1afd7bf87345bb,0
2782cfb7a92eb67112a441f2e864166631ae1fab,0
148cb9c6f7674caf6057fbef8fe1571dbfa3aed6,0
09488fb516303123084aeaf99f8e731709bf8520,0
2616ed07d6574bbeb7814e38e554032a912ef6a3,0
fecb6d44fc05c138f569209fd290afe7f9423e9e,0
7cb278040a3882741584251f7f513d762a3b2e21,0
9555ce85c10e8b0e6b956de753de7fcdf7dd873b,0
a89837b800dcb156e83cef2da487a648d1e97bfa,0
981b210d1b29bfbae0dbf42502510244facfdf56,0
bc213c013a7514badbea283af5a3c9d000eeb82a,0
492691cfae37e72c691c4009af8d919437f4551c,0
a9b39d9b0ced3935edf17865aaf64ea436afb4b6,0
511ebba676abc693711a057905165be0db084d6c,0
5e030e3e2335602a35fd22c40c9814c8ed7e77d0,0
475d3cb20e45a18e55a97b12ebeeee8a1b36d5e2,0
c6c49e9d873aac99559bf9efb03eb8196e5bc311,0
246999c54f9fd4f445098dc04dfbe62124ffcfa3,0
b884c41acf336df560287ec5538e730353aec92f,0
9dc27b2cff267833431b6b8111581c07880a093b,0
a75298ed6372683973a9a6f5fbe267ce47531be6,0
cb4d244c9e1d0a5916273ad4e5d60cc5dbd61a71,0
a59c97b2da1534c9f32b9a477a1a789859fc94b4,0
39e2ac0057a208e00402e312f4ce1b701e17b541,0
1e4b323f543a0bf71cbe6a16b6b4845f033c64c8,0
574c03ea9347bd5dc3a0c20c19304669ad61d916,0
3581d354fc10e6c31cfd759c02462e7d952ac56e,0
bebd6557bd044ed33ead9c47fa6d6d28e5e394a3,0
fc09414a410521d9040feda940214017a7946cc0,0
120a82780b9ce536eccfe6c2296befda6bceed96,0
8993aefa95e413114059d6f5520bb1af51949ea1,0
2ee255efa4283bbcf33fd8a088202cc659d5ceb6,0
caaba2a8f8e4f72540a6dd56db7b5808ff00e253,0
1209d29f8dc019efef37e5b2ac51184e4b295abc,0
81f1fa5e51318630b82fef8c8916904233ada8d0,0
2d67b23851addf2c25cc35a446074481c348b295,0
cf3228b3def6a39dd6ac1e1b58f426e2aca6253b,0
4e156fe9c0dc9add77c04d25b6cffb4f1e43b4f6,0
06dfde738c71906cf165bbc87869199c18e7369d,0
9ae31456e3b59f8c3e82ad18bb29e996db4fe80d,0
24e1607b3539d9730d22f585663d3ff4fdabdfb0,0
a48280b58bdc14252506a132ea52c3546f760529,0
7e428bbb67d2966599a5609013652dc6569868ae,0
8457b8f752978e861325cd15290f250c27d5bda1,0
7c3d2000445a9825267a7958952a1e5e22f526f3,0
b9fcb716ad874d3ea176e84e2a886e284518c890,0
b9a052ed7faa04ce82f837b80be8402b45968914,0
40052d4575c359d146e05118165ef0eb97c6775d,0
1663d01183faa984a80ec5404e9ed48052b65999,0
43d4469e267cf6594fd56c47ec116d9fa6c34e94,0
3e7d4834287f9d036864294f63d623743cd36e32,1
8e5417f2c98dd32efb1b7145ce4cf30b82f626f2,0
13e8901b0f29c6038f821fd10a9a55651db03401,0
37e91d41101620ad821904168760f40fd219dbd8,0
09756a4acbbd081087dde76742602c6a560dd4b5,0
5b4cca07fbf7f3d81df3b182c9d52c441b3e0fe8,0
8d5cb0274cadf991cea3c6f1e116eb1244e2211a,0
84ef65237924117615efaf7fd4336239f0c4261b,0
f043ac5f4ec7bc0f3a1fda2a036500ba4179994e,0
6f93866a18d1e0d4122f788b3311dd67034b179c,0
fe5ed40507d3f4f4a060cfe9d015aff5778c4dcb,0
1c710774b6e58ce35e18c863a17b18221afc3d33,0
e6852bee1057512bd09fd727c78e5e757c5b3dc5,0
a91d8854e48e2b6a204b242b6773af989e052417,0
ab8041f25a9a80cce321e8b60d684f68dc509c04,0
1c942cb8d148d933e0c729b4356189981f0cb0ef,0
470de83d545962f174ceab4ec35dc16ccbc65650,0
1a41904d4abf4249b1dd0a47601fba5645df2e08,0
5087dedec199dda211d12ca322ba60d8cee1fb08,0
e4c57dbb3374da61d994b5c8de6ac263ce92ba6b,0
f66479c73e1ef03f2a4dc24479eb1bd43dd481a0,0
bd3bdeadecfa4f3b8f1be3ea9b8137d335cc9ba0,0
359c448cd56e53ce5e0b049af7071acf6225afe8,0
b2dd2173913a7bdb821219c5885b22b1bfa3fa29,0
5018bfa6a0270cad38de17b60e73a6e3fc771e73,0
6b08104ebf27ec432d85a73803c73a8a702844d1,0
611555d23b87e9aaa492dbff293fce12a724d293,0
6a6266f7961135a7375114db0f0db79f98f5762f,0
3d3bfaa0492bc0fc5624cfa9f3c71bdd51bb6cfe,0
dc00a493e1b2cbc1d3a59dc129c76ff88a0eeff6,0
b848de0e3e38cea97a314d4afaa3ab9070e95a5e,0
ad00be6b06b7d56be04410d1609c440260e757de,0
5e4a42a2ad424600e2490ac5a1942691133dc4d3,0
b1d0c788b7a94fb1be7a62e4697bb9255a3b7ec0,0
e17236303fb7b947f1d8295caacaafcc310e1943,0
2df05981450273acb8de9d1a0421d87105d53e9e,0
9681ace449587fab5c3fddcfb598e1c99e0ca5c4,0
01500e39b787e24f801d362d330ba7334839b789,0
4dc6da652a96819623727f7357d6dd2eefa264dd,0
c24156cc1701ae20366a25c049da4580be3c2242,0
a3e8ea97a8a6b4fafa7f9d68db2e4ae0d20a61bd,0
1f8a901a89be4806b5cd233c1105ed016a5ad4f8,0
f2f8d70b37b361006cf5cd6eb3a07d9d469bed60,0
06200c7d5907b4c6112edc6e00488889596ade7f,0
c95776669e733c2a1e8e98fc0895a29f80692e7e,0
d60338a4bcf9868ddd6d803e1d27a13f605b2210,0
5432c34ad7590debef6f537c42b4efc6c986bf99,0
2c65ee498fcf16b2a74da223d1b79514c0fb8b9b,0
15c97cf5a2206a5c429578fdb2d484ad2d02b01f,0
876d6e8c499f8ef029667c8cffb9608161ec8eb3,0
9c83464b70164e427feeb0dec3137fbb36999947,0
671485c950eb96ed3fb11af10606f7a4d8db6496,0
c038ae6199befa5194adac8e9a35bc2fee7ae291,0
b0b26c4deb82e76b9eac65ae90f94d27af340288,0
c86c57aebd5384c3fe3dfc40199c1f868be59975,0
f2facc636dd4b76ef6adb583ded262983303baf1,0
fddcd4455084977e032491069844811ab382a24a,0
41bfccaf9f5b86a2238b62ecd8d548c8baeca94f,0
92ce8d03ecd2706242330d84509a2e5ddc973af7,0
1ff8adda811ed8f5bfb326bd863236eb607a9875,0
01b113015c91b924c0d775b103905e3c1b88c4e2,0
4037fd9be5edef44ab3ddf0925b0132bd5c91492,0
c8b76ce92ce085df104b8928eb2bdb44317eac4e,0
6cc7b3c951915b9813bd8afb52c3ad929e8b9bce,0
8e81bd7d9fd243b6a6757b8f710bf9a968cb3ae3,0
8b69282da519e040f5bc1b4cf27edfd0641e5f05,0
fda3d0587b0ac559aeb1fb0a67c3144ad6f57120,0
36f61cd7cbcc75cfa71b1c0638ce7e604021bf55,0
0065a23860f071482cf9025b258c025fb57d5f62,0
219c56c4e26a65b4c21782b02b9244ca9fa65fa1,0
fdb467c29555615240ea0ebfb393eddbba6fc664,0
39c08197b2232de5f4007e22dc47b77cbe2a0f9f,0
f7b8bddec7c29814e53a5e9b81b9507e5c5f7453,0
c4c35b1520368f6983360f13b363380a925fd5e0,0
d2c7b7ebef7c8de9d5456fdbf63a166c26344d8d,0
9c4bd95e91fb3307cc0b83f6f41c0ea42943f663,0
c4663b8b38f74aaa816128044580c6b0bc356593,0
a12943bfd5ac661716e47c21128be0b6dccba248,0
37d7bd97506ed3a3ed963d6fbe441244398cda15,0
df211c47338e6981743a62d7811ac95bd2248940,0
3a8d033ecd1051bb68896bf616112ff53bb92d47,0
9d7e8dcc2bdec6bbe645093bf7627cb177964b15,0
af17231dc708870ecd0dd2ec1496f36cc766d2eb,0
8cf5e8663d14a39cddbf682e0acdb9ffb1c0b53e,0
5a738255f9614aaa2dd269b39c7b112984918aab,0
b7962336ebcb106314a038ef97d67ec83e6931e7,0
286a5f66b2505d1322b43e32378058e8baa317a5,0
0e62761aeb6a9cb2e586964b621421ae08bf0d81,0
36fa2d9e0011707b47031e41ac55db631b903875,0
f9ad5830204365f43948194a6a66b2ba69ab6d10,0
cbdb5cd7a37182fb85b4249d6da537a78a16621a,0
44d75ef4f3f48ee50ee0ab1f2d76e31b22910d30,0
3465380a7ae058592bb432348802d37c17d685af,0
036b531759d79276ab7193265b3975d6b75a3e39,0
83e6edefc4482092927a2b99b8359dd0b665e61f,0
00f21f214d68137bdd01bfd46cbc175199c6de3e,0
facadf8c6f7d33222b9fe0ccbc686432f0cecc65,0
aeefe1dd7e504787646f601c03cfc15b2f34242d,0
4fcf68392fd4b9633cc5b8c72386b24a14f0a035,0
e189bb20b03f86596beb91a413c6b5a851404514,0
8de3845e48cad80d9172610595c4d58fb06828ce,0
99ebba045e62fdc16b5b51da6652384cf2088eb5,0
def6c0e40fca6c8092ef37ff680bc8ea91517f6c,0
28971499aa5e979be2c097769bdc3b2fb0dae259,0
b7c46ae723c9c4328324173e4660f7b4942c062c,0
6bb1d55b2960356445bbfc865d506590f7c710da,0
f649c262c4a7d49b6bd43fce33abbec0ff3ac94f,0
0e43d857569dc53e7964fa02dd15f10de29215ec,0
9c2d74544e812ff4b0ad1acba232de2f63261e63,0
839797c8b7af0ebe9b7b8c79e680225fb1750e04,0
902945a4efe88aac3d433000f72ed104ebc67ef8,0
60ef3cbe1549e0c205e1c48e898c102b28cc857a,0
646858f9b21d37517bc6962324d5013adb76544e,0
63f598432a9bb4fbefa536cfd7ef180dcb08d1ca,0
b44b80c60725e4e1185ae8396091f8cfc628e9d3,0
6509d268d2fb5917b34708c5031aaa3ea84b979d,0
2b97a632a53107cad4f11e245f3782cd80d124e1,0
bfa4db8361015dc8b141b3558ba7d9c8af757175,0
cc5daa9662c2ae3af548257740fe6f892a208b22,0
1f4c51f68c16254690c2c8146a497cb46f8053da,0
a5fc84bd4b3e8214a4b7e2d42d15840d53a393c6,0
989a9ebb6ed394ce1598d1d40610863a76f3438a,0
7454cc859a016902f85af0947de79d2b92366219,0
ff65eafdb37f1876c84f9960a3a4962b53afe9bd,0
f2e3546101b15dce85e4fa0d57ae3903875356f4,0
86d369f1bdb89ed7f5dd02abf55589aceaaa3a84,0
07e8ba5e468aea0bb32793990208595b253fde39,0
e4eff5f7bf8a8c473bbf61f62e12d9769165f288,0
66971f0117d70d5063ae87898c18b03b7e2b85d8,0
fc0d75a81da0029ffba4487e5ddac665b7c9954b,0
4331ed1b655a2e744c251cbed0a4b61a1b3d9800,0
2ef200732a335ed3b1713594f88475a373dbe5fe,0
16fde6597f4efe1d164a76d06e406abe95cd3169,0
391ab5bcbf5ff25f13194738bcf0d7fb3961da69,0
10b53817dcb777e4f05e09ee33db2e47a01a4c4a,0
234db98756eca0b660fc2b7314f9d46131811e03,0
98ccb2e2df4c978af9683e68b4c86a961ac9c056,0
e7488a11fa2044d730dacef970a41e844ba27548,0
1348d94a63d6ca5f2f5fde178d35c37e24fd6522,0
d1874b68fb0446967e00863e767115362a8590a7,0
c4bffcea4f9a9c70b4db977128d9403d26d13d74,0
5ebf00033431d82c8961e2e85d538e83367e4fdd,0
770360e720082bc7ee6230754b0b1f95e291832f,0
1a7a93db9c2ad1f283f01cbed3b69fa9f9a14b96,0
7a5f1d3917c4e168f6ef08e45e7e86fe59564fed,0
33a5299e83d4d42cee54ac00af438f1832099ac7,0
3d13051ae1c6acd292a41c556521049a38af418f,0
07dcfcd5a93cb2f36ef37a345401e18ea6bc377f,0
65eef973b963279cad7762ec2cbb36bb19e8be88,0
f8455b15ff0d78dabdfb01c5317593a6ffffa089,0
75537cb876392f18a2350efd08cbe65ea350d88e,0
9425ed9898acd7683013fc0a1f265ffa5dbb26cb,0
7cc8e27914fcde0db0bfb0f106ba27c9a0613417,0
01a045bd8afd9353b1854208cc4c0a29e8997a92,0
0fdefaec92bc4a2101f833eb123e09ba3920f774,0
eb6d2c8fcbe5324a03f7d3b73eacb1f3028b911a,0
4da196808500f502bbef02aa2f9c070c43537eb1,0
b84c8fd7941c75919345e06b8d17eb3c9786e5a3,0
698313e2806d2201287d6e5d073c8157cd554a01,0
5ff9ecf7d52729919f5374b5f917f6dd4066f39c,0
fc187fa08eabdb87762cd5cf3b9517ae61a7e244,0
384600d082fbc66bd4b667ffac73b1d58a61f64c,0
3893fc4f4a1479ee745f9ed5e606d5d74f24d667,0
7cfc4aa01b62cd5fe9d81987885d9dd474c1749d,0
e1d2a64d84479f810e18a29042ea95a1a36ed513,0
f36490ef201800b497b421cfd64f0eca098d5912,0
8ac42f7022f52e8e70b2a6f174ed3aafb57b233c,0
03dbafeb9d651904356cb4aebaf3247d82d968d8,0
124dd51fd906b7eb58fe51778c5cb31d3a6168cd,0
3207f9e9537626a1cac3909b23f659e9855b5fe8,0
8a846fc9ef5b4ef704e9abd3bde730e9a6dbf265,0
9315c41305f7f7969cf9f06d926888e69b0f3dcd,0
1048635f8c6c243146f952ba57a01c4f06c76e64,0
1ec30fb0e303da1039b8857855aa678816047436,0
c8c6fffe1d61ca252f59c7b390addd74aeb59972,0
9b876cd44027445b3f4bbb0e9d7fde8fdc1fb95b,0
58c7ec950398bdf3e956845d930ea724d57e5e8c,0
844628b26dd4d52fa1dae33b7ddff75e36a02c80,0
81c25f4f19ed94e7021ac2750f054bf01e31e6cf,0
1877d886ec8e923f9e48751a84c4c57b91caed5e,0
43ffcfbc712ea5bdf5fca23f33b4f5fe371c0e46,0
51c53fceef37e8b90fb5d4bc193d826a3c7bd1ab,0
5bf379725d0cb290b27b3978e7ddb105d631aea5,0
b3740c2b3a889b306f9562c18742c95727e11305,0
3107cfd632a254784da71fad4cd60c290fd47e22,0
55e1e3d7140374705e879ced4aa431205527b945,0
29305b35484c1c3a2ad42dbf43904f9b3939b57c,0
30943cf5ba7c9095ba0b0a322b7b0a40cdd84ba2,0
2807d8b79aaa4f1f79e14f4163c5a3f9d4eff955,0
ac1c13670931d1656ddc378168cf6fd094d8f55c,0
dc01a488de4616554b09f17b7f11bcc10a646e57,0
223964344b89c7c24db91abb26e4d6811ec0c75c,0
bc4e2969cf53e7a972cb36daef304595c071bdda,0
decc04962855d6f4bdf29b7ca085d83b4e2eb9dd,0
f06940c5dac528c063d5704ab0aa6618fcbcd93a,0
ffe352436caca3b042f657d5acd310bb74273f36,0
7bff06b5983f016c22d874d475be40ab5ef5d9c9,0
ade237711e2eb1dd78ed22ff1e5765c9780e74a6,0
560917093156242f69712c0824ef5ce99db29415,0
fee3dd9d500788f7d43273a17ec657bd3398966c,0
22d5a39686b4a3ee17cdbc5289edb0e3596961de,0
d3b032df7ed47102741c7e2706c3fb9d5715788a,0
2d54c84398dc51242fc1845b6e31d87314814b1e,0
f7e0ca7c7d090fa47758e386c33a59d1a4abce4b,0
4e42f659601d96fbe3872687c97d509a509b18be,0
26f5bf1d91de7932cd75b5fff6e22a40617d33c1,0
5537a99faf99ec9a841ebed84242e2da65531bc1,0
12e93467faf656a0029be88133340fb62d56e406,0
fd5931e09300eb0fc5c6148f217d881f53696d6f,0
3051eb9cdf7ef9e2cef5720ab2c63b31ad1b7806,0
1c68a6be808abe8aef23d3a3b6a7226901832bc2,0
877aecdd380143910e1fc329691fafa47f43e208,0
2fb5562739e8dcbcda875d8c77b3ac9054a167c0,0
80cdd604ccab6da216af9851efa8a08e1fb45865,0
98082586ddb4624cc5075ec0dd52f3d427f97299,0
71a0cf13a12737f70e0376411b4272c101107fdf,0
dabf4479afc1009a50cb27fc0c504cf11ca6094f,0
47e888c448cef03a3e5055a8d7eecf08aa4c15ae,0
ab750bc25f5b32f5181e996e8a6a6c18971b6850,0
400657b23df719e2117b9b97448f773a4b72a2ab,0
e1abd8d79b8ad724d49b6001914eb7b970c241bc,0
6a8c0b28fcd5380e6ba9d55acd539483529a8445,0
7edea8b3f66f957198eb65d14a44c78c42c39041,0
31822e49aea3006d43ee3306733082e725bef462,0
316ba9b2d9c78bf10355e01d3623584606e027d9,0
94f596f852cf5acd75072de31eeaa5871ccce57b,0
461b7810d6675be9971a2bcfe9307b5a41ee75a6,0
0f587785369c4dc6431c912897c2ab14df362411,0
3b581d1226401942dc96bd1373ba1ac602527877,0
3c2a903ce70d32822ee7c4ff7bb4d25507c8df18,0
8598b252e3222c5e98b324444b4dbb8bffac1c7e,0
920e12a757af734fbf8ed99b0cfc54eb6c81cd7e,0
0b46f54606f6e1386af1e69555218d39b5b03cd1,0
c7ebc95950f7436e69ae65f21eb6a3d56c45206d,0
328bacd97ea2b29789379ef6812d1aeb87ff63cc,0
b87b4bcc210d918d3348b5712df1a95e70f8070b,0
ea366e04f638f6b377f233815ab509275c48d6a1,0
66f847abb35a2294ffa6ed1652031eebf86311d3,0
d7ea442ea34a8b06aa64e10a3592b9c759d576c9,0
3aadcc3dc1c07001e446283df2ebd41924db38b9,0
9f791a070bb072a41b2068fbeb7b1e42ed0613ed,0
c8ec31fc72081ac4a3ec5870b5f11b4d6e6fae8d,0
b5b64913bcf2fb08007c5ad62ddf4d5f53d40854,0
3a8f3cc90c020109774841e681ebb0face3e84c0,0
aacaa9a804d91ce9ce710611be09bf1124828ade,0
df700e2c9b8495a914892a350db9960cdb925781,0
61ede20af2a04a97f9c172727a56d4880c26aa5d,0
a96b0373337afc2341fba84c0641361479a98d08,0
ad97bfe6a0b3adad7f665b76132d7b1706d3887f,0
91a30697c86d9f87fe9b28791bf159a69a88cb1b,0
4cbfff2aa794725aa04b9963d35e5ef0901f9908,0
556a9e6ed1811c5d4087124f7e4c3a2a083a17a6,0
486c46f5edef07c40c5e023f29ad4099925d60e5,0
d6af05b926c4924b0774d2ed16442b692b084182,0
710083f68ae76ed4cadfe8c7b4b7cdbfe2434508,0
3882a1426f399c8662539930e5911faa9c9f459e,0
b4ffb4899b72a66080d1e8df5a4c84cf1867322f,0
52da17d90e3bafd0807ecb0a741af5bcdd5a40d2,0
40afcff95f7ded8dfe1192b11b170497338569be,0
e65dd18d4711bb03f8d3cc49c7ef26e1c2cda025,0
b261b97b9cd603c738e45474404b964e5e9d2f84,0
4737b15878834daf009c276a54cba1fcc5b0c98f,0
2f14b1986746a8f401d2059ed2778873aa8cbd46,0
ecec63e38d8af6b38b35a44356b18b504789b47b,0
e389f0a115c012de3f9920cb18b7f7143452c996,0
c515eec74e1720f151ec0399b2f7fa30f51a6c76,0
6ac4ec4e2cb723c3e5e158f14a2b3ac0e09394c6,0
555843c4ea33356891c2655a066c392ea6b41a8e,0
8d7294cbc1cdbc93715d35ad52e18a6c7ec2dc1f,0
0e557e9babdf771ead1daa1cef6552ac43431886,0
86fabb3ca415becc055f86170faede5dd978d077,0
f11d73bd818a15ec37aa768b4d2d509ba59825ac,0
692c8289fe5f73a85838a5d5fd00e8e47791b9d5,0
83238cf9af487a41c94a41af50252a5a9f371567,0
bede578c5aab8ce5e8a2bb637446a58ad309c55c,0
715898324ca42cfe00edfc79424028aaccbac25b,0
e0ae296e01f1e278f7cd746090c0b86c318a338f,0
8d19556ab887e803193411165e3bfa841068dd31,0
6403249f658aa6065b8862ad9b49a9c8bdd2ee12,0
11b965207fb1b02216f72e8a22594d129414e94d,0
cc9f9af111b7c283570c76029371d3def3571ff2,0
3a48c7e41f6e84933ec3b209e5961ead88762d94,0
a20613456118abed06f3bee4f9a8b06f50a9c3e4,0
f3758683048d0a1281f47b8e64509356fc7a3b48,0
a106d7680c703243cd891cc3c9c7eadbbb74468e,0
f6a6445bc5b4dd694710579872a2ff1888824f8a,0
c8a6813e16b68a12b784fcce2ecd28b5ffd586e2,0
05a733386aaee23431a5160613fd67e67ea7e81d,0
fd16c3e3b1d37f678ab7bc35b04f022146c508fd,0
c816033f64cdd51c24367cb07a94a0a7be8db1c4,0
976bb8783f535cc1b4b4936c26a1491e52bb95e0,0
3ea34418733198eecfd4026c41ddd6f491466a0d,0
5a548c0d33212140812b816f8cf7f7b1f8e12f20,0
4fc92771ad1ff994bbec82bbb4b9484ee6c0260b,0
76d79d4b21e67e3364977d5ede370519f6083973,0
2d45a5d5d05268259527d493f19693761fc3a106,0
a8acc012568aa9a4f84cd2535889f8709f538f43,0
848983bf9dd224df1ad0a59807cf9f4913bacc12,0
a7a0a832c78bac6c81a050952d503e806bf69551,0
17376cb987acff71fd5c3e9ddf76eccff6de2f39,0
126e19b0bb7e38b9256c068af425aa2323b6b9f9,0
6642fd8894d2bd33c424e89603df283f3c141ede,0
cecf6b8970fe34ab22b7180849b369d95dc606fc,0
27c1eb288daa995901bdaf9af654ad9546fb9be8,0
dcd8c5aa35a4418adeecd6543056255e8ca8886c,0
0e770771cb3d3ef6dd2fd7382300b421f0e0847b,0
f771c2c968af30eb0ee60e298abd386afff92354,0
3d2e8c9cda95504e5abfd79e7d648ce76ad0928c,0
bef6bf16ab9c2435faaec9c62636929ada6791b5,0
8a488816d414779715b251cd18f9996756a77055,0
cc6645cb7ee19a9956706411190b08a87c9add86,0
2d2a11e2c46768dc55429bcaf8bb36e5ff8fd34e,0
0d7a3c0113dab0d577b817e5880739e6edfd9c09,0
8649b5329358cf366f9ef5912bf9288dff1bca7a,0
147de68323c062cfba09c91a2a11e6c008105e5e,0
9a02a693602528759187233ec9e48541a856b66c,0
ff21f001303c4bc9621584a1cf26eee371616f8d,1
9e98155345982fc7fa50514d03bc33ea0c98d7d9,0
a710144a339cf1a44f24f3754627378cc97d3e99,0
25919aca935d44367e2742a457032ab7978c06a2,0
bf5c30794939acab95a0273350bc512c1ae60db9,0
b46846b5229e66839e0023b6f15ced1b4883cd63,0
dc1a309d08fa48692ff28c273597b13ee695a67c,0
248b5779f196e44c4a69cccb4e36581b2e35447d,0
9e01e13ab1f01ec06722311955be4df115b17f01,1
3686a6fff46edb4620b8376889a097c31b816b33,0
cd6387d00a55eab28fb2ffd77d4ac3b773447542,1
89c15ee2eeb73ea74a673c595b44336e61dfa327,0
4da1317692ab726ecfb77ba2f7314e492c07983c,0
81d3613d3aeec467e6a5ce451fb5f00aaa39133d,0
f0bfbc354cd12e8f2a3fb2e3dd85b33c3b89c718,0
c63104668b83d985e06cac617ba697dfd0dd73c4,0
8d75440f45db0a54257344ab589938e61d0a801e,0
4a546746316958ebed07544eb04bae9e271835e3,0
d8745da29be860c2c37416bbdda9e8487d8c4dc7,0
9a364e7b53cf8ad8d3c53569e6b188e902e27437,0
5360a336dcddb36da2751176dd53256802b64792,0
635ba2bf6cfe09594cd8a72b65eaea9321ab62f4,0
b266ec40183da15de916b6eb14d3c9999b600a77,0
bc478046a046deb222716bf54364e8fde4a5f2d4,0
3767649d496d506e3ad457b2e83922bc5655ae84,0
d9f0ed68302f41a46cbb97d3e78742561b936132,0
862461b89f222c9cd9b09956b46c47bf8a463d2b,0
da7193f00873d8ad48da8ce532186191da31737f,0
3fbee7a23f259215b789945c34c9518b3c9c941a,0
b616dc9ef661e7379575484be38c8e3308e6188d,0
406ac3bf886a497187afe0ebde84db5745edd36a,1
ace83fcd9bf2925b2ff91f6448403d4a746ce3d3,0
295e6dd6d207c8f8c5b88b3b97768e9411301bf3,0
43e4a6f830607fcbe27d498afd4895ad6c9ccb39,0
2de593784f2b4e0727eced3872911c9469476128,0
18afdcb4b17aa0a4ff7c0e73b2c35b559cda1fc4,0
feda05bd8ef0cdc7dd8beb9c975dc90def81f4c1,0
82efb7f10a7a3dc045c4bc9571b2ab592c60f60d,0
6179dd43d96705628d8f303ff7f3167b80a9c993,0
4b15b093bf9adb6e21bc72ceeadbf96947eb4a85,0
92c5aaf008c80364ce6acf3c2dcffbdf79f640c6,0
28283808eab7d11b69f3afaca6e294a9a31ddcd1,1
2f17f218786d3d052e975e997c73e9e7da24284d,0
ecb8615f5586d5f6135950b652b5aef53b0434d5,0
924d617ef6c23543858cfb85c723abf7532c49b7,0
bad789443636b51b9bf3d329373463ede1ee01ee,0
9467d9f6b8175f5c4cb2d6d4556350cd028d0d8b,0
c93eeb154a08ebe3b11f790cec5c2efb3eb35fbc,0
24548c93ebe8675ef1d3627ec47136c1e65ac7db,0
041da14c24f3cb6cea15d48ab025c64158780172,0
6f25ebcc59e5bf09129b2393dfa4926922b7cd29,0
a401c89c68147dd15832dba832408990a664cafc,0
2cd188dea7eae27af6203aef580482cfa2965357,0
ad71b273944109eebbd63ec7a91bba85969776ea,0
26cfcf2d957f0c36885792254ef14389b4edaeea,1
abd219b9711f70b07d38070f9d4511ef68b7a3f4,0
c20b58e177e222d68ef74d9253b1175ad32b2ad3,1
a2956bb8436273a794dd58a8ca3d63215758f9bb,0
4993cf4ac1b85430df045b7ca0eefb79c9d1764e,0
ba59bd70a18ea8aa2d97a5ea108f43e8a75e3de7,0
6a190d83a7457f632336e36d5a3f33e760910664,0
19b9ea157c4ccc9f5abaa3adba7be38ba12147e0,0
23e23642d8a3ee3bc9d6104d636c1bc79b7140eb,0
47b96b30ae5b968ef295997dc6d92d959e65428c,1
0a1608fcf3ac54d64366c9ce7aabce393f7a2e5e,0
2da69ac76dc375e0d4fb750857a50b4df5ad6737,0
e424a881b331604bba9aee788f304475d574abed,0
c309bdc1882666eee02d03ccdc1885e039151e29,0
f39b4b05ed717ac75616fdd1ee1d564fde2e75ef,0
2689d7f1ed370e165f62a43ff4895b837f83722c,0
6ae6e130e8dee28c64b572c810aa605e4943a27f,0
c72e2f731b9d77f66c2b1f7630b3551c2e610221,0
35d2714c444faa4913a0204a565084c490bbb56f,0
e018afd2415798dde9e05ae2b0397f44fa316137,0
3dac1a4b0b642425352290765acc4fd09ca86511,0
52ed11e06c7a0569cdeea8e7d23437b5a6b18e57,0
97685ffa9fe0eb870f2af995acf57cb22555cbd8,0
f4e8ad3a6afdc98384edb60758136b34e19c0e1b,0
e4c4551a68e53c710cdd60d9f714d3f25d824641,0
2a2ea2cbcc1a853aef21caf2715bd3e8e304781f,0
69d58308249dd638791c98d3cb5da34e8cfe5ff4,0
939e3b99aff1d2f19fdfb3a28062a25b528892c8,0
522f820d631a37f35f3c02786a5290b72b5c3991,0
c6390bbd3952147e0d50fe5c653662d2ccd3baad,0
1f3f9391a1529bb502bd7ef89015c775a0aeec50,0
05a0a2ec16a3aebb5a5595016a1554e6a3b4b04d,0
a94982c7e6503b37d8db7f589dd105750fde311d,0
bebb4f695accdcab330d06a878501820f7a5abc0,0
28de1292f039a972cd0fd465e157be34d55d0ac6,0
9e56f5496c5c9a8175f894d3fadef8f01494793e,0
e54326fddbfec321228d7707274d2ac97a4cbacd,0
82fb3df34d2c01ff6e6482fd9f84b1363aab6e76,0
15156c469898aa5cc45a76d978d7b61ab78aa652,0
34ba4f0c790417fe3202bdbeabc6a5d2feb87857,0
180e2ff6ca2f80a26456053b43ecf837dc37b8f9,0
fc338a2b72ce216ef3e9b2c764182713348c7b2c,0
b1833e64d1a5d68ea49db446bf2cce5f4cbc1549,0
2c54d6ddb305729b7d0a9f135d4ba88c553400a2,0
7f79b19f68b8eecf99daf5aaa00b0ec0bac79833,0
47fbcf7a3dc50a2fdf25416963faf02a1b43ae64,0
98b0cf2cd5dd3480ba3e521a0552c1e74d9a0cb4,0
36a87d519e46909fdff01c9febe4f569f0a086b1,0
de4028bee2c0629aef3fefa42e5128d077ce12f3,0
808d5d89099052288fdabb65866f895ac8355d6c,0
7a55e3eb137f64fd18020ff1379fc29d597b03b7,0
a9ed3eee5463ca6af266bc2057bd8302dbf31837,0
2e2ac812982397fd4ed146957cd737d540ccd6cb,0
cdc35bc1b83c5a780d48a4d396e38b8264f3d0e2,0
ca64f9222111bf47e56b6c0e5aac859db83af44e,0
a7b5b086070eca3bf77f429219ccb934cb6a50fa,0
64092b1b1cfdb216490b95a3746db6405c762a8e,0
270a47cb80b78e65217875cc9d57c2c6f8c87a78,0
294703ee210edcc39160dfe7b3dbac45f687af88,0
9f63c341f2d6304571aa99e7e9507ce416d1774e,0
326151bacf69b5c54e572244f59b46b5482f54bc,0
a824993bb62080ddbc8fe6285556f9079ef479cc,0
a25d446276c9a0a0d1b8638061484c154a89395c,0
6f9d859c6b4fe395b683dd8f72a7f6b9b2bab482,0
35650eb78b1fb509947335c1d88a14ff743ae277,0
972098878990150e8c730d223b2f9709c221504e,0
8f9364bb0eb531f123ccd0f95872f8bbd221ad5f,0
aa88e0d1a182f5e420f764afeef04ec5aa20e1aa,0
42fea9618f5534fcd5c298ba9d7bf085063b0494,0
1063bbd37915e6bf1e3766b0de3cad8a273c9e4b,0
b107afd62440c4dcaf345d57dd837abda126b693,0
2bc75d475dd5e2dd2b863f2b4c5fcd371b324c46,0
d3a885738b30cd3f65db88e77dc9bb5af2b98bad,0
bcdd341adf52a86bd8a7aa63d7a9b0b69395085b,0
bf926a33adb1a5f9b37be60a81a2fc3ce4e47e83,0
3e9f9f4ee7cf78e2b5f9964e2ff9d5b853e003ac,0
86052e975269a3093b35c939a905b55e99777fc5,0
011f155991ce7765975ff161312b3906eae1505a,0
bdbfcc8239dec3b96e1f24d99fd96e1520b01bf7,0
9efc3b871ab8499792b3d6749ac4e7fccf02c46b,0
fc17a86c134faf4cd01652884fe1ff0d44382823,0
89ede0a43dfbc051d13efab54fb50e9e93806c77,0
f3839bc99a3f9f02ba049ceee9c7395b150ed7e3,0
b771b27a539e0c56194340f304b2300876287e05,0
21e7713dffa4da15deeb1336c05b0d3c9daf319e,0
933b64680421e109db33a4f626d4b0af0908112b,0
224bf28a13c0bdff74ff0dd96191d92fd380a150,0
d1fe7f71dcf86dec595d3f45cc36bac94cadf2c9,0
7521884148b4396b536978dd222f9dd3152a7065,0
c2fdcc98a113cafb22a1ba22ec8dfae91c96dd89,0
6db9752842b7290b6cebc5bae11ed70a5907af6b,0
78ec3ae0cad76dfc899cfcf4c8cd9dd5322b71a6,0
917f94527c761862dacb45d169daa523e4078064,0
382bd2c1d11c4265d5508d8fa3a147a420ed3c5b,0
5bbe18715bbcda38df4b460682563976b63ea0e8,0
4693ad523f85a53e2626c08dfc52aefb338b339e,0
be9aa885960130f8f8b00d7a68a19b75f3da47ce,0
24b2c006a29a7cb29ecafc66b91f63ae1917cf5d,0
baceafa313e4bdff6fdaa215f2837645b76c3101,0
fe10479fa7af847d224aa147e9f8d3a1bd9d90c6,0
b68a1c7d990c4f9a03c1148381b1a88ca150b26d,0
90a2b7d8686fef7e432637af341fe2155d9bbe28,0
f405c67f58e23758ebc646961bb003aa971a42ca,0
b1e8b7bf5b5539c66da8ce00a4351fa09aaa147f,0
f7eb9294b7324b863a053c3f2aa9dee717cc6913,0
129dbe37f077dfc7e60e2ae31d261887aaa7cf8d,0
557be4b4c011abd6f119591b68d32186f8bb96d0,0
8c96c7097baf00df18770206dd49cc8041a88acc,0
3d9649e02a13e28705470244f3003ea9f64302b0,0
05f94c84261a643056dba89e65a89a91e9a2e91a,0
1cc0d7d0a004fa17a210f0f1d3f3c17ed7d3afa3,0
50ac3b38f039ccde1e8f5fb2a32de760e4f9eef8,0
4bce47c4a33d4ea0e8369350823301aeea4c905c,0
9e12926079b1286b01fc88073a4d2eab56ca8ddc,0
e827aea9025ea26be95f7f24191d799465847937,0
4c717e9c6f2d4aea10169b5b26aae648a4549c00,0
01bc2604ecce0c4cc9a51ee573d9cefc63095095,0
05ad2b0827c4dc750a932681f5373b72d78f016d,0
e5126fbcac38dfe40e025164d8ad85ff9c1e83e4,0
7396d6e34c3f439a0f502d9ada3ef04e321ce758,0
9caf4873c7570f51862fd92ebee86d6c526e51d0,0
3c6e86716791b065709e22d40f220f54a1e99145,0
b531af22cd7e000c48497bf0c8b071ff930ebcc2,0
7797c3f08e8fdf46739266dfb921f9690381ef7d,0
d052ffea258a6f674eb679f21b4abc4f4f7b4e41,0
1eb2ce750336e0ffec9e78e043331cea8af5f0ea,0
48edbaeb2a65e36956bcc155de78e965fe4ebd06,0
0c0f1369cd64d519c5062442643cbb9f6e39f918,0
93321d079f37e44e3c13f31684ad8ff92c9638bf,0
206b98d9b246b36cfa941d1c4f6679d4058364e2,0
5607336eae30dcbfabd1df2739cf96fbb04245f3,0
bcd3cd5d93fe9c7050a4052d656df6f4839027ed,0
d629b42bc061170f86873b03495d59bfa6b20ad1,0
f33ea92c14182b2bc710001090a9c577874dca26,0
78109734c6079bef3ebeba5b670760c1475cccde,0
f14061c3a8efbbc7a7b54be2b386f962b5c3da05,0
0215ad160b34d997843e18ddabae1198b2a56b81,0
d82e33591f7f477499b98bed8f137a2d78c89858,0
48116ba629eb8cbf0b5cba73974423cb805bc0dd,0
139ab278e493419868591b9d87bc226c080e8ec0,0
0db8df0229fb0d893cdc55e698dc9ed7f1309b9e,0
acaecda004b6d3c045bad36f3e2bc4dbe113dd97,0
64d3668f38d1f88fb3a6153487f229218c1012c2,0
b3a74bf7f687fb06f56ac8afad073d560418f274,0
b4746557c1a5dc73c4fa4bc1caa9dc3d4d2b06a8,0
745f0be784b45d58cad3ca0e46aab1fce60ad01c,0
24c5f2e7b2280da0294731a75b2275dc1a8c8015,0
a2ca58c3b333ec8568f964e07e38487a51e1f1c7,0
f61f21ad25d9b08a903d3f0188e6180e3da150a3,0
4f9ba827e55a970491080d869467683d808e3086,0
90176523341e576f8b3f2ea99c183bd8b0f14e3c,0
ee2fb0bd2bbabb274ab5db25aed36b251def0b6e,0
a2363646ac8d2914dc96ec25c65ecc863ec17172,0
6e1955499a40540735512cc4190d1ac0f4ea7e4c,0
d82f0c861c7f3556c1c3deaaeed0ca775e16f60f,0
85f1a7104105fccc6de35b577de58a30ee82857d,0
27cf0bc61236e9ada6cc684dfa5774e5431e7a4a,0
ef376e024908322b679f6757df7d080ecaa653f3,0
63d019484cfcf8d3e2dbc189b7bbc07bc5d52405,0
92f35727bd8e00ec87baf01a913888c596f52de0,0
eddea1fcd54e28d21404aea7566d9e25f777b65d,0
ec3fc8b570a12aece6c61c6d55c4230763429fe9,0
c28c089ee844ffcb01fe2ec74a48a43f097ba824,0
e8fdee9653b45b8626780de802c59dbc5bcfcb1e,0
b621f71d9e2cc380bd2fd325311067b48e95e4f6,0
bc6d5f5913afbe406eaf55a9b1433f199a6234f8,0
fbefc994d7a099a4f7529d65c58ca9e193f57113,0
bedf80e0b71782e0f11cdec37aed29030fd9cf36,0
d157acaa88e1e10cbacdd127b75fe2642b5c21b9,0
6ebdb667992fcd86941164e334967ad3127da3f1,0
8d886ad76b91be61e8d865bb9cd315ed5f435eca,1
bf1a2839068e5c78b354275b9d938f1f866f97ca,0
a571631157bd59415de0b6ff6f0b23ee68541447,0
74be92eeba6000002326b9f2188a1885d9d10917,0
72d34215a7b8112361abe87eea6f2b7b4ff48e20,0
f31cdf9b93cc2ba2696fb1c2ed90c778bfe17067,1
58156c57c1b3d6dee2c90e06d87e49b69e9b50a0,0
536bfe588f58e6c7054e8e6091088c5162a738cc,1
307a299164fe0e6c754d9553ada3b694e2e13751,0
d878374aca3e68bd587d73f65fb88764d567a110,0
d8599ec460410e5cace7081b28a069801a35c0b6,0
3b1233970694ab2116214ec6b11d00d05d40a987,0
92aa8ccc0d998ff68eb9c5f552ef89b29f16ad27,0
dbb237f90a1303bb41e7caef36abd05d0e94a3ee,1
10312c2a55f010a14e0a3c66b6f8f0a3e234df0b,0
80cf151eb6dde8aa30f0f5e7a7aa666fd2bc0f9b,0
3c81c31bd885691677dffd3f0890fe20235c3652,0
bc15b28e3e2db9ab6095eb380c1a52408fcd86ba,0
8409ec5e29e50c54fe07db86fbe786e86177b7a9,0
5e0a6a9e47c7f0f38aa7f4cf7644f5bec7201721,0
c4d7c9bd0850888a80bf4456361f2f6b8764a083,0
f9386787cbd3f34b3824648caa9449d00ec0689f,0
d42568af6beaefe24ec70ccae9a79581430f1273,1
4ec0bda16afa898ad8dba19e87ba0008c0ee7e21,0
6b796fd8c868c72181946be0918befb30fdd2f6a,0
1929f9d9a6e7c87b58035d903deb5270d188b144,0
e5386b20f10c51e047f87ce0244be3d6f1b2ff77,0
2fd5fb2311f2f60ee1adf265bf55783807cc49f0,0
36119492dd7328b1a23ebefcd1e31203a2844b29,0
e8d440ed2f5c254af3414a831ea49df58f3e5ce2,0
5d7b15bc2041a62e1dc641bdcdc68f2f0b42dd1f,0
95bae2bfa7192e7b47a26ab265fe4e23f36912a4,0
819a62defcecea686b597120bd5a768129808f14,0
5376b03e6155d1406800d4a8423d047405b24e21,0
5c35d8f54b0e0ee3c448bbf8836270304e9475d3,0
3df3f9adf4bf86958217803d8711b0c14ec20e6f,0
517432dfd3228149137791f2c2f0e0cc435c4163,0
067a76b28fa130685bc2202737a0b43b808d3204,0
7498f1a556772b534aaefc499fb08c097670a548,0
51585c6afd5f4d50af1586398bde0cda5f5eb211,0
65808ceb61848d5f7bdbb7899651888d45d109d4,0
14f41bf9f164e823f9bec9ff604c7c8c6be047ff,0
b498262c558cdc0cb458e4d9f4f8bfc219f25198,0
51721e3a9f2524f9bfd6d7ae78ce4e1bf541bd6b,0
66befadc811ff81a67f478669aa17293384be6f9,0
1d2c3edb4d03ecaa79158f36b0e003df1b139b85,0
b5d8c4bbe80012116ed142cf6b0bb83e970f83b3,0
2dc025fc4b67fe898b710afb827983f5666e1125,0
6b2c125a1eaae44d432902cc2efbde67754725a9,0
84c6d647b70f290071336880ba5eefb0d8f5be52,0
58d24e21dffee3e82060ee38981a9c5397e34ff3,0
b66045712d5867a57229e2e8303f16a9aa80fdcf,0
f675cbfd608c4390733098328309574f1ed87ec7,0
9ea5854fe24f08759c9355e71b6e105119c45348,0
9f7f66962c4f1fef3ee40268fe4a98b610915beb,0
745c7fff1836847080d8aceccfdaf523c0ea478e,0
7f6d2217fe853ff3c0085395aa724b1e5bb8e9c5,0
c2c25b85aa16b71965f76ea8eadeb381aa3b6239,0
6c455e0d54cb9d09836920d48a996bf6022e2e2f,1
5a5254f6d7b993c2f162426fab2d7fba9bd07f43,0
e6a854a93a61144b3cbb2363ddb1f228bcb9b60f,0
cafaac87bf8005aa73cdeb5354a1af3241fe5f0b,0
b8feca6dc6d1b5fedc9fa218293a65a4d9922d1c,0
acf4bdef477ccbc13e6b9a4e68d47121f64e2b01,0
07fd38db76aef2892cf19091cf71475b83213daa,0
881dae4d8e0e8553ec4b32cd1b34dbaab3f30765,0
5bbce59192c7d3f02d245d34d3928db2aa9f3275,0
728fef3d05b764618a2e4c0c670a796aae9430f3,0
917ef273875a305a080fbeb8095a0dfc3bcde923,0
2772e5ab9a2ad1a4b24f6db013ba082fb0264702,0
7bd59a0f853d65ced08ecdfb75e97cce6fd24192,0
44e378166eef3473b9a1610890c85979e7e09ee0,0
060adfbb4dbe13041daa8fd294a42bc403b5c4c2,0
c772b42fd6a49bc009c818b04c473596fe58a97c,0
265d3593325d80a434be4a1ab9dd8d64510910ce,0
236762bf7b1b0e4ca863a8e99ec15698f2781fc4,0
3d4da77caca0a1916dc3b06b74bab91e6579dcbc,0
59a4d2b1b25a23faca2607027d127a825717c475,0
8215ed98fcb17a3c55fc14a9e651d577a4dbd9ea,0
d65228faf6c3f1364fa068327e3598d34c5e35ca,0
6d2fa14ba4c7fa89d5bc87c1f968bed1166603bf,0
11a064cc59d37d3d78c9791c043f6a8dde595615,0
a7cc3d58fb2c5ec13674c22c523da79964cf3f86,0
c6a5db5cef397b1a8b0cbf0f9c2702a48252c6b2,0
80617d11388e68203c6d1b73f3e63dcf0c8dd128,0
e1c87f9cecc4cd10d08fdcfb45e76334827ed8d1,0
9c1a20601022de38660dda53d71720c6ea0d9bf4,0
7b8727fb6347513781e149e0f6137e7f104ea5ca,0
87152fd3217df6e92d5dd24b20d904a8ec37ad32,0
cc0139e61eaed159cf30b05d8a31aa99ade6f114,0
be25c67c59c03818a042f350199ade3693b90851,0
cd46140aed78bb078405cc82bb32780677f3b8c8,0
2c85e14da4d84d713e362f941fc0e7fd24e41e8c,0
def76723170a707d6c8d07c1603405314d4a6f38,0
c0ae79a3f1a45a46b120005d0fcfc103f6e5b12d,0
5570bc733edc6ff4a53cf37cd5e22d62b611d180,0
c688d7629f7fae3966f93c8095820da3f53231c5,0
74e40169732845d1d717282ba81370e3bf59e1f1,0
43d21aa5c7feaabefc892361b3d1b0cb0a5e8099,0
359fe63811666b344fab20d6e9aba8123d620acc,0
8ee1f38732616fe081d30000db5ed0b08eeb27be,0
bcf809920fe258ff3994546a18c23badb19b4180,0
b770be640fb180aef0ca115ca29b4f80c10851c3,0
2a468eb48e325c730433e8bcc4fd20b53691c496,0
751eb73144e5043edd4daa815250e4233f151577,0
7321b9670b29452c008883129cd61b2dbca51717,0
916b5f6f5ecae6ae800627c5ce76121f7967c3dc,0
1d91638fb94e5170a597695b34dd234312429419,0
bc06a2be745bc44ec88c4e0b56f7eb029e1a7f0a,0
46a7e50b33062e43ca1abfbf53b701b01b8cf132,0
96613cdf7254926bbf257d29f765b76d460c98b3,0
aefaab684743749ff9b2693429174f2c74b41b42,0
6b67953f556d3bb57ed9ab30536ef65ebe4014c4,0
2c0fffdfdfa2e91250b8eade7fb9a21ff1f11d63,0
8d700d25586924b076264abbd51a4bbaac954f60,0
4d02e78f739a928b14bdee5825f6d6ca13f992ef,0
8014b87bc262e2a91c617204c5c88eed4c4f3ccf,0
0b39a160ef9c9937dbe3f54f616df34c191a2b35,0
40764d8ec57f15796f5a8f1fffaaddee6d72367b,0
a6adf5c378df9aa348ac089c34b0276b8010a0e7,0
b8ef7d79b640deb491968a572e47950407fb248e,0
755ff8f35495d5939dda45e0b01aecca982f320c,0
5ad2445819fecf1aa8743295855612c86f08a461,0
21e56fe6e521c0af86140b2e7dde9dbf711fc16a,0
554fde0a08d30020e2d4f762fd1621f719e0a5af,0
505af0ecb85ba56ddc13e999338fd64f5543cc7f,0
94a713daf1fe019a8243e9ea4acd3a5232ced709,0
0d1692122f027422e2e9ee8345b2d8bb24175bc3,0
3f44878b536ea800a89d823c9799333470c4db86,0
7325c91f399b568397420c7d3a3c95b4ddac4743,0
7b393d2b62d0f84b31dfacde9bdf1b7b4c35b198,0
b7ee69cc2628d6c4d986e84408cd1304c248142d,0
f2a2c8091a594d32d8597d2c79b7837f4ab52088,0
1a918fb1957b30f8b81be0e42c46cd81408c27d7,0
28ce542e4c52f5a0ac5184ddd46b2ad817d01d46,0
675b1f5b4f7a4fe26fa5aacb7827ed16fd029662,0
f7641e9dd11f200025524a3d16a18bc39f88e434,0
3234435018ea4e2bb20220bbc24094c9d6eeaac7,0
48dc156e5a941b50047b51bfecfd6276cae730a0,0
1909e2be2400869b94128290c00ce360dc651201,0
2c2d07bf763b2990ba21394bac042393139a1c0f,0
575fea1ba6d632111e9d14e15c9b2be6e9d8ecf9,0
d8db6465ae0a90af61d936ed2d737e551ac60113,0
ad1ae962abef5e319bab2d32e452a7df48422d62,0
cd20d69f5369dd661c8eed5e7f9f924aeaf11ee4,0
faf6509899969e43c8a2eaa6920cb35168a8816a,0
80917377506494cd57dee857b628bafdaa8a09bc,0
013ad5e8d433fc1e9370185c3a55abcec52ea2ff,0
b4f1e5fc055feed1751c9dd60411de3ad2ac46f5,0
a8de1af9f49d52ab63cfa36c7b2fdaefbe97c82f,0
ee4e2ab5009b248857d8bae1a345f8331ad4d4cd,0
a15a28563b02bb0ab01f8a5f85e7ff4e21c7fea2,0
ff6839d0569ce1c5c113ed8746916bd3493cf5cf,0
79b8fa7e16061c6cc00d2674769150962a747d81,0
854e0976a721f66b5266e5d0011216281c7e0ff0,0
faa45ae327b8368e3f3167fbfc887f94a4863079,0
71a240c46c1b2228bc8c9780734597102011e8d1,0
b748c1060fc5052e12831c4c174a6ab109bcace7,0
71f594c61e6893af3dfdfecdb1c88d020ae1f2f0,0
ee5b158fa393bce945e250f12fd400ece746f58e,0
36c155a2f8b2d002f183b8250dd37470f1502a51,0
bf9217480cdf6876ac1a787aa18bf388a779d093,0
9139dacc6458178107b7557e9cbb3ddafeab6a97,0
20c01245b8e587ff39569380cfc57576f93f2a29,0
96496102c99892b902dc506570bfd964d2e9b758,0
5dcf11c26048c6728f6f75fdc38d4dae04d74caf,0
019f3cf590a24942341d155d22d0d6b8efd80a11,0
38a361b685e82be527e015c0b206cf5d9793690f,0
bbd8edc6a4dd488681d30ac0357ff814632a299c,0
528e8d2e3a9cdd0c6f4ad9751383b402548fc582,0
845a252ad466cf6c689042ef382f9a6986c4f4e9,0
6a6d233aaf99e6b640de0786032851ea70e478ab,0
fea1746a45b471daa9e800ef4aa94cf502569124,0
844dcee3c2b3f9e722aecd55ba78f857c672fd7d,0
dbf2d1c5c9a5bb618ba87adce30039efe4e326ac,0
491b63d3d49b34422d9adb080029eb65f49c7ed9,0
938e550db744cb97e7fdc1fe3045d38cea5e5226,0
22eb84d1ac2591a433e6a4b175738e7efabc91eb,0
c9b85ceb3c5a48f9a4d8e8e4013eecd1f39a4a88,0
a0df5a3a58fdc21043435807de1807eb82fb622f,0
4c0d1014612e4867cc29b7991c7cd20e87f7163b,0
3ef10f66f0c2bdce2714142ff03144030e277949,0
1d69b94e009787adb50bcbcc561cfaba42a8253d,0
6b94d5a825a6b0a7f454a4063c0468aa7d010b3d,0
d0340dc03e648a1d09b02d8d97ccd767d64d3e88,0
bd6fa3e15234ca327595f7f60dff5bd626d957a5,0
cde5dbce775efe894524ab59907784987f74ed31,0
9dfeb85208618959a2eb86562dc41a0b29ec40eb,0
c5e95885a5ecfbb92e9127526f0d8df8fde1ec00,0
4085f66f8434132ceb9ac81845e8835d3e8d774a,0
ae05fb6dd89aa954e3ac80117684505a489b2302,0
308e102c87b6a610a0129eb73bdb8cf1fb73e1bd,0
413beddf45e51808259d9752a07a87bad29a6bc5,0
a824d6c9648d1398a4b2ba0d791d217d8b72c0ae,0
85a6010b0e42cdb33b17e0e5b9a0f0791b92759b,0
c7fc0eba031fa723fb54a31bb7f171e70cab7d87,0
d7158fd275aaba294651d2fc0ab31c236fa139dc,0
f83eb804d2d92e366b0ee64b1eac4f31bf6d4f8e,0
f212246bfc9aac87ced5bc041ab04fe9617350cc,0
71e38527697bae1422b5418351bbb8cfc70234fc,0
b54a67e08af8fed9174348e626e6be005baca957,0
96eb8813dc176e4b05139b88973b777b16746bf5,0
1cb5160244cfaefd790faa311d40c2449ce1ded4,0
6a462a8154ed6316e99d650b6cd1de3429eaf74a,0
b99dd932c87ab39fd743e8f0023853134402a278,0
a9ef127c767cd9ce7649601c5fdb747399881c49,0
81a5c642c5dd52d927a32c5e8f2e01a6a23bf5ab,0
00d73dbcbaece98b70ed191556a7ff8626cfc0ea,0
10dd877a61fa91ff8ea00e070155b54d020b602e,0
a39a3787fa4885b67100c430c0ebbec5b474052e,0
b2de34f1456d7dd990b6bc36ec684462f4573376,0
f02e8bf052ce74a017895441c4685e006e919b7c,0
b94421a2f6f70027405e2beec1e11947f6fa1568,0
c763bb6df6d341a9f0aa3bdf6c6a0d99c3e9fa60,0
140351fd2c47478a3aa5a1994365bb2db7234766,0
ece8625d3d0d0a48ce900a1a02dc8c7db4ff4418,0
f98039ee01b12f9d776461e66c126eef1cf9aa07,0
43df8e5c5e4019ead4ee29643db5cf07ba44db1b,0
0333aeb08dcded1501430ce0cc6157532f47f659,0
507e79bc0ccc26131268398a170eb2da0be9c61d,0
5180cc7fdb03f373f0d361e30cac82524be5ad06,1
80b9d56ccd489c18fea173a9dbc67281b401fc6d,0
b27a62b9d1bb16888ec27e87352d63b983b8188b,0
a9dd15472bc9328029e060f286f8301521aaf71f,0
f4b6b23c7eaf4a69bec7bda8e9fc4efd9d41d814,0
e3969542c5013ee65142dd2665c2893a3884d2a6,0
9cf1fb99b269ffca01df2346f0eb9234d5c3c09f,0
0a264fffc2e4fe0d5c1d89175814d73d14da73ea,0
2129e9b69e17c8f387f80c56879f9b8cf15db3a1,0
3af7fe86292324eb289a13651f2a63703728046e,0
daa8a58646e211c0c97e40f143d5770cc0b7bc96,0
d63767ae7549ab3a19c6f4a8cacdf71d435da8ca,0
c6d19503c81c7d8e32d008af86091816aa69ba74,0
d8278f92b6882d451d17a7947719634ca7659a34,0
1a748629137600611781cbcfde47267763f718da,0
ab73224ef7ad805b7172508f2b72a8ceea1797c4,0
5a4d0b7d520108ee02bd342dfff4ae0bf8806a3a,0
c132f38457d816b1445f6e35b3cd6a168f2c2084,0
6d07a3adba9ba6f97fc70a57537f59fbcbfe8337,0
9d8c540c6f3a7153aa0b4b9abce8c47481ef6fa1,0
e5ba31afedcfd9caa3b534ce8cc16c33ff946fbd,0
2103c0224024e61738e2dce4b860425e789acaaf,0
8275ba8194bd57b9e6bf6d73e393d3e7f5a38404,0
4d0e4d271f910869784c7c1e5149599c1b395c4f,0
71d8c805d63cde73f7ed7fcfc80b99ca6da4c688,0
d7fea1c8bd61a03e6e2566ed4b13a9365c06ed41,0
cbed837806a0d9b0e3ebff7b7b021cc0f12bc944,0
01ac88f8c029dd030b8a229d88201c1caf05bbdd,0
c7022c973754ccb8f19176a04c720ef45c0b0ade,0
8a67bcf5b536ce421b84cab97f36237fc51606f2,0
5ba63c3c9954b897d255ef10d56e284fda485f8e,0
5889c8baee33faccd55bd62012ff1ce377f29e16,0
9be5504afb6e980046495fa9d9a482130c9fe6ae,0
b387e601a2dc352f2d78f480d41f0feb63875585,0
d2e06b228bebaf710646aeab51cd0db7f78eb058,0
fc9180958768c6e5ac8248fd832fff247abc12cf,0
8274b5f982213d639624a33236adbb399ec414c3,0
42b9c8e70bed6417eb2318d1d21ebd367b175caf,0
e37f36f141bfd9d02fb4c1ff0b99efe5ca6bd22c,0
75714c7c3f9dd0596bc066aa44c0acffcda3490e,0
c635eb0ef8c89a5d70dd19acdcfba0f131f1026e,0
6a41a4098a6c008d0610a0bff28eb792c9d47b07,0
60cd7e0759589794aac99414952a1d87be16fbca,0
78f49ab76593d8c9d9348e6558a8419607e55dbc,0
2999c2239a3cec315abd7c0ede50b5251ca73332,0
4e41c257d338bc077721d55d74d49029aafdff4b,0
3bf9ecb5d30765d036ea2c6da94fdacc7a300841,0
a6619d88d9ed727d4e7352e18b910c9183e77034,0
09c06dea6eeae14d5fd97a967f3f780323a81429,0
c448920363ffb5281db117563fc3d771444d76f5,0
a9a4ede45ef9b6708c3f2dfe50c65ff12fbda9c6,0
17243d18115b9d9d4b57bcc5b63bc328e019d4b4,0
37fc85367e725d20b4da48b51e349f1eb44fa905,0
305e0645b624bc817dadeed5156513dcd28dd2b2,0
71ce2319f60a4d3df01ff95b7e993f7a320c8643,0
8d7adac84723aeba306e3d383f01ef5acba3fba2,0
c54b207116a89948818173c27de3b6c6f325cc0f,1
5d463d9e5d3baa5994bc95611fe17559f2547cd9,0
b4ca5f7c35ba73fe3d41b7ba843b2025446fed61,0
004aab7f2989817a510ac5f0057873c44310d616,0
dcc90d78f22efbbedeb95d9536b43ab723c276c3,0
2019a4fe398511fc8ee3e5847091922663bf8a73,0
f571123bb77a9a035c7067a542c7b11b9171aede,0
029d1bda9ecb2455f577d213ee4dd00f420a50b3,0
5d46fcddc58dbab0d0e064fb48fac589d7298328,0
a8087c013f9b33f1e80198160d3c8ededd5c190d,1
7bb247e115867d4a481724d8bf44009fce97097f,0
da18885cbedbd828e5cc3bd5dee11b8ae314ac36,0
1949a8f5dbe56e86b9809d393ca4b362d73736d8,0
c4727a42c4d0782f62b569b5560cd4a9b55adc56,0
28711cd8991af50077b0f2f655cc0fa32c6d2842,0
65ac3cebfb529c7206504c31f622ebfd961b9277,1
3015d4e9d97d9d18fa8ed4427c6bdc3daf91d0f5,0
f5bb74976297563410ae0ca99d453b9f8b828fee,0
46feffae90004a743ecabd1868d1c211c56246ed,0
33473928dcb41d4b883bb31aabacb5b5b075f90d,0
4713bced416c3737f993677d238d6c1a9b7a8fd5,0
5b21db962032eef6831c64b7f62684c0d3038a0f,0
e1224199516265c98acab01f1a71a9b4d5cc94db,0
b7f6d86a1095f0f44cf711592fadee83d0f351b3,0
57497f83b91775f6d8c644a9865543cdd52709f7,0
fcbc8a38435809798dd61cc5aebc4fc1bf8860cd,0
4d93c62cbc2608d2c92df820ebcd1844c38293d5,0
d0622eec27597385c21428f5e78f12cae83189c5,0
5ee727fca4edacf337aa0431367583735cb093e9,0
9e040646f9e026f22b370ac2a68de3cd09e3026b,0
d2749fb1e5efbbaff21cdb0810e4082b89747c77,0
ec62f513e6b7ff90f38f54ccde4c6224708a8c98,0
46ba7f6a97c79e2f8c2e56d67a8ed57dbc09c08f,0
fdb304ad2c00aaeb48d00fe971deebdd64ca07aa,0
9180fc8ee7bff3b9c891144be14625da0c6363c6,0
4ece08f8d584b2b9d7f1801d72657736c5317b02,0
b5ba693d6ff17d9a472a6e3f9ed5abb7b5e7c258,0
83503f18c28807e2acbc5c5de64997ee36a73e11,0
da2223b3e2cc4ef316b8d6fc94ac9198a4a73f39,0
9530a1dd65d1c3576b0c3fc7155d0b13aee4c23d,0
5397b136a2cf5c2afc3ac6ce9dfcac39bbd9fad9,0
1084e181c1c6fc3d80f36de2ce8a8fda3e293170,0
067e2a4db24955be227e66332162e914c09153a1,0
0a221fe1c23b80e68b84c8d6bfe1337cdd8f1d83,0
1e6db5c90d5a44ee385c1522a3116882d3418f39,0
3d90df25d5b43dce833e4e06931824a9d298763d,1
8b5c2f3158180de1fc810850822ea2832ed40873,0
b0478f4124f37f58a82d01632c5b508a7069dc43,0
f9a1b2777fce421b68114d1b13090e6ef1d76e80,0
1111134bfd7c2c6a86faf4dd79aa99aa11b25c92,0
aa8f2369c3c3b99502f3e6ecd82c97784223e253,0
cc99e3820692d11245589bcf1b9ad55583306708,0
45e89f8f04be909318f189462d2c8387bf5f2775,0
bfbb316b334091670c8a2797741b638454bb8c53,0
e50742291e562ff604faa90242523530fe163dab,0
87362144c3f01a49b821116b4017ccdfb841cc72,0
074a0cc9e780ac72ed94101a05204efe6f45104f,0
021cf27271be9de3febb109f28e5ff5a710f64b4,0
1fef0c08999ee84b5128cdd1701a88a425ea0bbe,0
aaa659dd267ac2e4d83e4ee50c99d4ed8ee50bce,0
fbb00493052dcd31bf95e9d1272916e737faaf79,0
cc98da37a17809466f95729e9506fc8f69ac93bb,0
745f92468e0a476c44b4f61c64a064764288e257,0
fe346e05277a84669aaa2a603770071e359f6d59,0
6a9d27d2781d0beba0ac472a0b78886771bef606,0
62aa6cc7788ce1cc5d4686e4cfd681ed96066f7a,0
7ff27f94cb13ebdedfa2154859b96bf708da3c85,0
847395051cadb6c5914b1b05d772fddf62e19214,0
4a3f3f8fa418ce81f519524d309eb64b07d5e0a9,0
60276683100ca5b700c2e3934f06773a88627684,0
f68d82128ad7a83c96cfccd35ae35834feaee296,0
d6f4cb56cbfc2554a3901211b3043938359f45f6,0
1faaf1f3bc0d65559ae36b34513380d8ba347e31,0
d1f191ef86a7df64c234ce3f194b2514e8a624c4,0
df345f9a541e126f09b2fdc3d9b9c415ea2300b4,0
e739a774419cd8a06cbf3d5f5f80987ab8c491b8,1
49366b2603a7805b27c426feb9997a385cad6fc3,0
ba77282652e1432be01b013292eaddf8b120ae44,0
3789bb6c0ba9991c83a650051f89130a328ddc1c,0
5273335e6cc6f12076db88da0ebcbbcb0dd9a9b3,0
6b1f9713918b1dfe363929e1dced340301eb4f4b,0
48a9046592d1386a9f492154c685bee997365d48,0
6a2271ca87b4bfda2a5961612d6de23ca0554750,0
d7c7d3bd8d610b56929f0c7c630f0b0393a9f5cc,0
cbaa450d4a1a060f2888fb71519ac1d4b2b074c7,0
de520b299207f532297de7570c6b1d5c411658a3,0
df39bc05df9da48e75c3c105cac7df1ce2429c21,0
4551651e62f7da4733c80c85984d9f16ee30b725,0
fd3e2cff5f29d775945df23341fbd4a343d439c1,0
0e280fac2c1fff5d35834397d462de49ccea14e4,0
406f3d7c673a54b038c04e7e2ed1ccfd5c400ab2,0
2e5324c67fb9f691e3f40425879543904a5c5a77,0
71a447083b44bc8756e2fffc2c7ac6e9937b66cd,0
ed3282b007309133c585404b9ec8affdb057f3be,0
7f8972b9d7617c8e902a1da92c7fc8c667fb7228,0
4663e1d8784c4c19b830098577aa6d88326b56b8,0
2f8c01a70f63ecc50967af9149f8301642d11c00,0
075f648f1b408c6c5d8238fa5fa2c734cdb5ad34,0
1d3f5a9f6ab84d937f85f66e36b51cb0ae795a7a,0
4f472a90fa4dad71b85547b94452cbba55fb5e22,0
092f28ea21827fb0d7b4effbb6adaf00ada6279f,0
39a7181d6a693bbecc8bbe4f2105b80080d2c1c5,0
62dbb1b28f9d02660fdbc7d85f700f59c17d636a,0
04331e2594d8f8b4650f5668bba9b0748608c3d9,0
5a0e4f8cc1c0ff15beba065bce6b6fc574f563ec,0
53c58ab6752f3615717c3bf3efeefe4062a9c4f7,0
4fc57142aa464c825c1ea6a063e1940570cf50ce,0
ae134feb4699010dc987df4b789d99b2c9f4a824,0
8364b45fa98662ba655dd0a838dea3032177d3be,1
0dc3f97654b80f61b49525c1babb3ecc55c9e4f4,0
1af2b3744921f922d267ff83ed91696920a658c1,0
52a23555e5105a3f3e3d9e3413106d9bc6afe519,0
df8025fb3e52e408d00a1be5a41487a2e5e549d8,0
59d7da66e172dc8fa13a9b05d1ebf0980a206645,0
8b6c25db2c54665ee68507cb15b78e88922d20d4,0
449d7b4d9f1ec1b2548a7b0448d81eb6118341cd,0
90e898e9776efbdbb8bf806c4b732aa78b304540,0
ce5bb75419909f1ef586d65f84483bbaae26d101,0
46bc08878f89a959411f038dd31bf1db7f718cf3,0
850e720aafffc8827b435e6f5774796a921ccf31,0
68b8bb2267d7fa50963fae6e07ae0b00d4be93f5,0
f2544e5f64e11dd94343740b41cf01b9ba9d049b,0
d3de6b967f9ac3703d0cdbbe74bcf29f851ad04a,0
4b1506183289b77a98fc9176a15a152dfbabf0ce,0
9e436b58562a1a78bf676ddfc8b4ccc8a53e8cbe,0
45853cd80c621975fea9be6b4dd5c8e22a66c29b,0
b7f3ea3279452ef4d16fa6f4505bb346732463cc,0
869e7cddaeab0760ee93ee5bb01760d505002ef8,0
21830c86ec2cc004b66ee38ea9209b82fdb0ac8f,0
297adf4497eef005dd71cde18209c356c2c4a5cc,0
28e7669efc947a27a2d95d32bdc7fa090c37d4be,1
868a50a6156ba982d4c0c1be468629358efb46fb,0
e5fcb8b76d451fbf73743370375742b4d61c32a3,0
46139491f04422713b77e83d2098894a8bed4f81,0
f0ec64be69df7c97f7a519cb6122ab5deea5837d,0
21c092eb59f789ce5a0e8a8218d58b1c1bba6722,0
b651fff6a9baa9134042a7d7f4939f429088c0fa,0
40fa56349f87ededb3f361e36f48bb80ff80b2eb,0
2458f240807bd330606872c1eba52122371a891e,0
6ecb50371057294446d61bbeb716225392a0b05c,0
f147d6fb28f00019bd8b20698bd48bad923ecfd7,0
12043accdad825aabceaf4c49cf99fbdfb6532a3,0
a32ec1c08d364d9696141a09e98cc26151b7d4f9,0
4295cdf8af19b921549ea1eac560a62e1658753b,0
a0e468e4c0917b917e48e9c61ca5dfca691295f9,0
0865a0b8ce330c8be02335b489901d58178af84b,0
386973106aff5d4e6a09f2854ab4b40babc7651b,0
90117e621a3301a636f195058f828c396599b9b9,0
d3c55597d01dfbaf9c33555351b14bf503dbd317,0
ed44451b431cc310bf9e4b6bd8fd52838f42c649,0
264240ee843fd43597f8f5b4caac1b784b39af71,0
fd7cd95b9c619b65d3cb5c868c26aa3cc358ffc0,0
8ad3c72529a653aa6fd3c701b7bfa6670094dbe9,0
a78f892246b42cfe1be1c5dd4b578e6312a9550f,0
8f23316c9edad2e7cf5e2f3552e6b660dcd2b64b,0
3a68c0e2aff8a21ad3d1c9c9e5434f547652dec3,0
a592cdc895f06c2c62f1130118bb05bf21057d77,0
2ed49ee047071e76772f479fb1d93a72acd80761,0
117aaae290f2d6eb5e2b52ae56c48ddd60d991ed,0
f3d2974a05afe797db8c486d63d8961469ee651f,0
411c9a258632480e501f7bf87041123821b1971d,0
cb8f97e2bfd184d349e2e518849e9c009ad40bf5,0
84e867c69c6bbcd8c5ee16e1a65372f202b42cf0,0
d2a3cbf85cbeaf69024473b4d8760dbd2f35d82c,0
cdff5772603366a563ae722ec0705f1641d21e82,0
228c465d928aba9f3538191f204bb7980b9ad6eb,0
5eaa18f8b67951140587351dc909edd727627663,0
2c051692186d7bf8f556eca5f24fe941cfe547da,0
812d757b612d85c6b7b429c4825613643abeb5b9,0
9fc935515ad5edb176e4d3a470b8a1e3943d7b22,0
dc3c3a67002dae554813793c7302f899cee72a79,0
31617a84d0a2f8f173c3f563903311eced51a521,0
6b4299c4c0b7f3d96ab82b08c360ec62b1a3de14,0
a42e81b31951f4f8dc880e514fb82d39cceaa0b0,0
787855a3a889fe06dc4b25c7dfc4d7cbd418bccf,0
b474ac2f2633d08a3b5ad4457dbd630fbe4fa26d,0
2d95fcc9b3fad68119d098c2b1c5f35127078b15,0
f41c7be5dce27cbb1185bafab7944b80f311300c,0
d67d766e7b19516253878ac062874747ad0e53ce,0
a11309b8fc6c7ac7e74a4d3ea56c4dec242dcd90,0
ccaee80aa48c68a4659fbf74fa4652cd168b15cb,0
2f5caa75678bef193cfc88312974dbcd1b5f6673,0
4a6161903c8676249791da71d1760de8d0acd9a7,0
4e304befc4862171c4a05be25d588187533dd74c,0
749cf2d24262281fc5ba7d4c7ee25bc1bd41cca3,0
f45506a7afb45f6f2af2736a7a8c6495bed02b00,0
3b45538e74e54c1de9838dff5faab2f1dd015486,0
22a79623030f87c0a09bb8ad6e709fb6c6e51227,0
b05d20286256bee02777d2d2dd7a28e5b9c4b6cb,0
020a76c43bbc59d50f4669410500e60169665f8b,1
01a404159c32cbfdacd92aeee7e8a63e2b3147a7,0
c6aaf280a66f17d70bbcaa76eca3a23bd19b39cf,0
d3ac7d3b79593344241c30aabeeba61f03eb3d1a,0
818e7b0ed50702c73738c74a410c7ea8b0e8a87f,0
7decf78ed1c51ca66ce7c36cdd66dd4b8a0f9de8,0
42a0245a197c457794ace924bc6f2bc4f30985e8,0
ee2dda10371f7083c7a2f6d9d6de8533a5d88f27,1
353cd74e447f4c2b48f1b1e9ac6075f7f76dce59,0
8e004b917f4078d871b3c297ba454ed0d1b8dcc3,1
ef4c4f3532a19bc1a18d4d86781eed63f8e68614,0
04f4b209fd9110ac77d599c99f085152d8172945,0
c663a3102985d00fe0a47212f4dd8ad58b648ead,0
913843268412ca8c47a538ae086d8d2cfe464414,0
28bb11a018494adfaa68514e527a5681ae7953c3,0
05fbcc31ce861f643191f56150760805c9549e90,0
ce0aa3129a5c2ac9f0efd07fcda37444d9dbce72,0
8998d044b029b4a98934b8fd4dcdbd68c1812db9,0
2f7fef19fb922d3235528236b9deda3dff218f36,0
fdb8e6c2f97d29d8950df4f29e0068e068ab1e33,0
c53aeeb950dc260ff219da61f14e54e937b850c0,0
6fdd2788a02df8e6d50ec64913260a761ccc80ca,0
32db111230cc96db84f27b6fc7cc145d24709217,0
16fbe3f87a5e5ec5d8353af6dc42fdef2ce4ca96,0
93ee69bebfaacc3f64bde221b1769533a7e0937e,0
8a48b908fdfd11a0568e00b57804012286011a2a,0
452382ed219250edc8f50ca9ed377a6b5a400086,0
e4dd5dc11dc4fd3014ccd6bbdfa1818c9fc9ca16,0
aa906a5253180bf6a7af630d6d42f29f52642a99,0
68cc6bcbbdbb4d72daf0ce59b4665cd84e09ecba,0
3b69fb94310c23c12500891a31baaaa3223aa6ed,0
4ba562f8e4a374e2da661c223b1ae8ec11230277,0
8d3973da7ffd5c3c66fc787e7d2629c3dba673e1,0
36f1268c89f8266f021c676ad0805d5d8ed7bef9,0
e87ffcd32e0f8c0346898225134688f3a9793ce2,0
d93cd4ea6c29f5c218d0c91c2e63efa5a27406dd,0
7b83588f41fc0e2ebc4d73719bab16c334007820,0
bd9f26faf8f9ffb3bdea27ad792c04d3a78ff612,0
cfa8c42c7adac55679b9e9cc9e1c06347e625b15,0
d3dfd3b181daca84f2c18167229988573b6e4113,0
78665fa4780508d1ff918cb59c03ff5ecc247b74,0
a79a8f32107f3d26504a5a198b5f238af5ffa061,0
66e04b442c8b8ca8d21ce391e5aa5f5e16b77e1b,0
6a59911e1bd0e7e4d3b2b8c267ddf103ec09d56c,0
8b0f8a9a1fc50e163dddaf01c2338441ac6dd6a5,0
861ddc039adc834d9baceccd22ebe6c429ded9cc,0
2f0e99cff314458e1dd66ca2588ac2b4919b26aa,0
d048ba414cdaf38be753df555373e61dd6a4d958,0
5e904c8df57abfa4e4cceb33377b3dc9685e02aa,0
a3b20cd6d0e72882be5ab4d97b3820a3d88436ab,0
a9003ce935d6087017fa0c504793b5cbca70111a,0
a99140aad8a6cfa4ffb9d7f4e5a9efce3a4fe0b3,0
7d09e6af79b586f8e982d6fad70b1daace3c7336,0
7342347da8082d333ebcb9936b2d280ff4a19bd5,1
2cececab6e8d5c693158f9c57388cfd40fd5637c,0
02858ffea946658fb2655b5673139b3b65242071,0
dba53c070f853b5479c17416c422b38b45b47aa5,0
d32766a1b7a07459e06bdb8033d744d000cf5de7,0
8ea80edb819454fe3834eb0b9af260576aed7660,0
8d63c376d00f01540b34127415363614a175ad7e,0
d4a4f0e041ac5d41fa2846be899e8305e80fc8bf,0
25ba68f145c1d7921cc1b627eb7c66962bcfd8a9,0
0bfa9b380673b71c62e5cea18551e2461bc792b9,0
9e1b946bdb9d1816e7be89a9f6131c5491082a45,0
a71ac8a97eb7245abbabae25b5bb04d218a5a387,0
5ee217604f2ae6300ddbc2d99bdc003187e9a1d1,0
1357c63ef42b9571bc5bdbf6316bc32f8b9678aa,0
8f4c6e2b0cb6b419795ec3d699844fd1647a326a,0
ebdc8fb134f2fec6010b97137133a3416ac05a6d,0
18f7dea898f30d0528821cf1cd8207b5360a548d,0
fe5e6da847fc3c19dac9e1e2d3e4940644b70a8a,0
e9912b0421180cec62bd96bdb9e5b1665843641a,1
50c3f56bb46b3afb4d4e1bddf9e88969035d6161,1
2e84dfe6f5a18a5a29d75d85191fdee1a603aeb1,0
bf9cad819f26a61341e3bd8479f84bada835545b,0
e67e1c94bc4af48674594829a597355eed235719,0
a5ea0a9a165c02e3da7e587891bf201ecd7f7d31,0
bc1d00e6ef9ae4d6fad715341691afff03f4d02f,0
4a92e058d06fd80b5d574c8faf4339ead96326d1,0
553e884f5c1207de957543c5fff9a9ad85354f4f,0
1992eb375b62a34708b2f6d0faf33efcf6a9600a,0
a92ba48781289081ecc06f03cb9f80507c680169,0
335b79ba5ba4052be6f840620058748c70b8a2d3,0
cc2c577467eda50838e580fa844b267a1bbbe278,0
194c2cd7c112b721f70f3ba8ed4b144dc2003a7a,0
dbff28716d29a5f37faae22c17c0faaed22076b7,0
eb43ef992034c19fbf39d0d10178b386440113dd,0
768a516f2411ed531342d7865d69bb3d61fe452e,0
07d8b07554cc9781e7b02ac007cd4cf894684c38,0
33071f3fa46cb015492d517805518f1dc70d0151,0
fd68a593c07587242e490d8b3951f53be29c1e6c,0
ae0d2ebbef77015f365e285973534da9d5ce92f9,0
b51b6d37cb11a745e3c892cfbd4c3a4bb1deef65,0
4503c60569322585c2e01a74733d932abcd5874a,0
3892e9e993bbd348570f37e1c78d648df8aad9f0,1
79f4ffbc9060f34771bede794c3bc04227c19d2e,0
61e9dffd1289391356da1d74fbf02408a063bfcb,0
6aa7b1a7caa194ff6f306f38df84834c8ebb5d7e,0
1c91a16dc0cd30e737badaaf1e908b07ff146c2f,0
95edbf74accec04a3fdd05903c73f8a4ad9febff,0
8fd141b57d73e6ff24a9471bdfba3f76bfb8bad8,0
7940e2901230259d816d2f59bce658718fd6b36a,0
e486aa36d1f4d00e397abcd17d65c57b11d6b9ce,0
88609e31b1207970646b364935e3cf12d2c1589c,0
bee20b01a3938ddd3ff85f62b767cc36b39f6305,0
c9239885f489527b782619a679dee2316461523b,0
028d64d87c719eef5c74c52a8c3576a0bca348b3,0
18c45800b3dd366fa3779c5b6236648f9993cae0,0
74f911eb19e519788b4d608ae00d4ec1bb812ec6,0
7fe207cc436a81b4ff424b092044bb685b5fe79b,0
646feb05580db1fb9e173450cc697aed32f6665b,0
941d76ff33f8ea471b011515556324f9dcc8fcf1,0
53e32cb5994e35cb9bcba8f14a8610d2e40f5692,0
c15de28ac8c4b3ff0675600627c19d4a9f2fec30,1
5cb2075ad76173a0eeb353d76259642a4cbdef64,0
dec9658da43f54174e9e3382ba523ad44b20dcb0,0
7b7caec0d0e7ff4a7a3dde19c4ff866b174cbbbb,0
bb86d8bf48453b7178f6805f70fb4f2d36571b1e,0
0f76dcd33fadd8149b3ee6a645852942d8e0225c,0
c3862d19a8847340474649c06e348de5c3bf0317,0
15df5988591aab2e38633f0b02b04373ec2b82bf,0
37eab5cafeeb53c218389a952b95dc476fc860b6,0
b1031be644c136f5f715ced9adc2813535836e60,0
f790dfba5c5887443815cd4d813d54c14f8cddbf,0
b73c8bd77fe828ce120db984337dff6f5bba35a1,0
b4092013d41395e594ad0d0585487a46760c1418,0
11163bfaafbe6bc49bebfea1f6d041496e13ac7d,0
84883b2965810740ed224ac517967955234658c4,0
567bdd15c3c2a1060765deb09a767365de2d092d,0
f23fac766dcfd226e7ccb4af9a36a529748dd5ad,1
988808a8004e4446c1adec92b1e464690ac9de08,0
97466888592f45d28721e869ebb192c9ea05ea8f,0
9e954a00d9d1c8b38b655be6162b45b797a5d04c,0
f5d8aec3f4849c432f2092112971d993e22fb833,0
b95a82e85b6db8177ae94ee85cd61b025576f680,0
a32c9fd967426f42cbc80003e56ebdad23a3bb64,0
93cacfc0fa57de25183330a4c1e658b6243d4f24,0
92dfc3dc038dd08cfca25ae8d66d08274252d328,0
6adff5f2c6427a459567f5a8cdce593861ac0214,0
c09c0e4f900cb2bef7b26061dc70f8c604554f16,0
a37dbbbe6ac001385dab08ff7b8d08b2ad70551d,0
22b53064187933de3299cd3971beed18af5b6603,0
15e8ecd81e36cee7655ec2628ffb33324aa216a8,0
a867f0f348c775c83fb9c52e24b78280101a22a1,0
2d59cfcb52829122e45d168f4b33cc028bf6f009,0
1c774f3abf48c0358dd67263fb6e83f19fec0674,0
3ed983b58f83a970c6d41ccfb4d86f1ed8a9382d,0
16c11c5860eecda885c7799935ce01d8048e5a3f,0
77688f487a9cf5a876ac6db7f7de740c026d966a,0
c4b7b40e5cb5df1331962ca31843b71fa07c48c6,0
f18ac65ff3ebd93c54fd4b0fb96354c59d1fa565,0
1f468b57d88a7c769ffaaba276c0f0a6991de12e,0
f7ff931652de7eedf4db929b9ac3181a0b93e1ac,0
69242a660d0309e85fd05529aae09d104503d3b5,0
e4c2a48a7c8dcae4b39bc037624172732dee64b5,0
488654a9ed14b0e9f51f2f3aab5447f152f4abf1,0
3045f27ae48ec9e87a71c0f7e31c290d2b739eb7,0
d23f77dc061876b9fa3c5b2caee091e5754f892c,0
d8acadc6d54f56833a7b7b4afd99ab9cf55393d7,0
be13cf813294733854a1fce2f7abfd2eb32b9688,0
7805266aede62153f839fbc4d079170e511105f7,0
1934664397d47848dae81a17185f3e25631515e9,0
1c1319b90895f23be99282126caeb4f1cf40e8a1,0
14dd048fe990597f43305bccee5c3239d99f3ca0,0
f55693de764145ad371532575783455e7354be64,0
73afbcc3c4c4a16218cf4100865d44bf3127219a,0
d3ae17cfc2bb0b8cc415217cf9cc4ea0208c5313,0
5db53042069e46610030600c014075dea0e495a3,0
779084abdd2b4714c94e79f82e126164bdfefe25,0
69442171d3f0f2c0d6bf2a3668705900a8456ba3,0
d07152c347ce4fddaa9ea9c32cd8416cd692fe5f,0
08379ce43cb82f45f02e0b41a2def6648bd8fd4a,0
a9cce803b8526dfe3f1ad9faf4ae211bb2ca0442,0
1a7dedf20936b09365a45c5472891649ebbde49a,0
8671a82d002adfc2899a8d45eb2e0e117b770a5e,0
93b6245a4a3518095071a9fbe9c4b8fb6eac5bdc,0
9ec38a4e1e5b83f1cf13bb45e95527eed843f2e5,0
9026a4c6fe6df15a13ddf76e1179e60d38714c6f,0
35ca7fc7a14c053c67591ca74d096fc976de2f18,0
161b07359b8e568740c49061a75adea271e427a7,0
534f07b9534389191824bc2e6268e2701d801ff8,0
1882086ffa0e18c3465ee09bf79f88d342c3728b,0
994c0117772d4bd27ed398fc0679d1b78c28d8f0,0
a3b9cd3df8549d31c822b3ec3f778927eccf458c,0
9867a534f62eac22c00580fc1541a329f7d003ed,0
5c64b62eda5dc4ff490086e08b49f44e70e4a9b7,0
101f5e2089704dbd13431fe4d860d19c2bfeaf93,0
c3f4d3dde4b4a8b88695d77e5aa9194ff15563a6,0
91eb928f886327d841cf662fb828ae0c744647be,0
2905f5230b31d400a65d19d98cab2b992471581f,0
9011574dd3e97d1574e02aa159b61594a45cca9a,0
93f100e817770881b788d4c5e6e806dc7fe7e16d,0
88c878d53daf1661951d96c0c9d36f1745d1b54c,0
1ca9345c4853adad9065d111ed972eeed7f60203,0
490f2f06340c1b9a245ebd6efa44413e6b3c4a8d,0
761b6827eb3af84ee001982ef5558b36ebd0e62a,0
42abcf6e56aed932985557641d90dad162bd4e09,0
08a12f168c002b459b5e973eed33e315843bb30e,0
ddda32cd05726879f4d47024fe0b36eb8eb54fd5,0
b7d088cb67764f3798809f74522bc237381bbbb6,0
ee052c68f0553fcf7c278744cca666521f923835,0
280f98236029def7461b383d38afb86e91fddee7,0
1baa86e97d05dbfcde4f61ea09ccc75b012ec233,0
9f40dd538e71172b2c019f32935b3f12645a3c55,0
a547dd0b555b34f784abc14e99d3f074c6dfc9ff,0
3ea46112935ba41f3ec2cc07aa29487a1cfb55f7,0
7634e9c93ee5bbb01d51ecbb6e832571e8851dd5,0
a67618a6d6a89913d8c6b687d5576be994d5d588,0
76328f1cf436b354f2e33b8c7cb0c8bc0af4511d,0
7ad9b68f6b7cb3606e7cd362d62d507f543cbede,0
2b4a77241549aa25922846a54ca2084b0bf03f09,0
4952d980eb6ccc8cc755beaba7d1c5282621167b,0
d5c0522e4a7ddedd1e5c4e924781720080b09c35,0
a904616663e6168a0747c97f15c7f5e162b49bd1,0
5cd369fe927f07b533096899c37c44f64f7fd25e,0
c5b73826c4854be3a7818ccb7a3f21e9deac24a7,0
bf725d31d6a935f7ced6174091ea60ea362c9e94,0
11434c59cb87d0221353f42b672bee92b544c457,0
aef2112b86866a7b011d40e37141410e3d52ff75,0
8f2cabf34cb42b5b0bc9ee648346a247ccd186b3,0
0ca8416865073a6f835ff8075a466ea5298a72d8,0
2033b43115507004cf6da52a812c0f16d718131a,0
d30a96985292d478e57fc30a95e23a705d8c1d8c,0
f7cc2841545f8d2dde1365b709163c371e26f915,0
54fe4f05d0c966960f651f155c3924dda2223b50,0
dd6f0ea1325622140ae4dd196245989070e84f5b,0
1611ec64a9c84c128302921804c17f66964722b5,0
a1ad593cd1a6862cc43c9ca4e1ee0c9e4d3fd54a,0
ceda122918be3bbec2f6491efedbfb67fe41ce59,0
1f40a4550861eb02b85060039d81ef52d47235b6,0
c7daee157a6579ecbccd9eb7b1c57f131c661587,0
fd57b4d01a4e30570978e6c695bb46f9a6433f54,0
11e0d011760e4d72fe5a089e73144efc05eba2ef,0
ea37eb0a6d11d537e58a17143db91c18eb970340,0
62d5d93170cb7cc0104879308787c21116d25b66,0
98af96cfe515058c8ff33f1ade0bce6af1b64f5d,0
72a71405d3a8429b7ab704a1cd675df1f283999a,0
4d5ac9489013fa614444631f9b8e20681976cddd,0
6ca966104ba0082beee83717bc4f0632a99c7ee6,0
435c0faf356e539f69992e8eea458a140fadfd3b,0
e32510a9aa2bf488361d9ec981346660109c4f6c,0
b5bcec3faa559747b5707632a893c199cfc26ca0,0
1fb467b14f6b368b345e815ab15292bb63bb6858,0
daf64dca7ee974a38c4758c2a7be5bd438b8248a,0
75e8cb5e4f9bbc175b5881e052d54357575b6cfa,1
174ecc00eef2876fbadcebca28941d11598e273c,0
ae688d287d582a501af58733545af2fb96d27486,0
877ba5fe2b8fa5ce8579cee29887d10c4f700d77,0
1c11e0037506781afb5ab5d77f85ba91623219a5,0
1292fec3e57681746b12525cec1c6e834adcc1b6,0
1188c873264089af8ff25c444919f53120166799,0
73334a333b5673b02ef95dde221aef07379bde77,0
254b99e0732601388ff4721b274d5a77fff55dcc,0
976033dacfdab189645ca05c2487e12b332f4346,0
a77f9d152d79b1148889da22ec7fff78bf135cb1,0
f3b0de1004639b703ff0a32767eea842cc415c4d,1
44d855e55c5b145ef060c99e4d3799bebbe19024,0
8cc84177848240b69d7fec81b6cdc0841fe11e6c,0
3c583916e96139c74e02079687acb7728262bafb,0
3c062c1b3895a605c537f4b2021fcd020010723e,1
2869a949ded175b457f45cede74607a33c04381a,0
47fb744fd291c8fa0df8415dbf90cf3856b8a9ed,0
b0bff4f6200e8518eadd0488db8f9233b18e0502,0
7e5fa99f82b177e5b1a045df03365f624aae36fe,0
f57dcd0876c39f4fa54c678f595c8e2d839af6d6,0
391cb201ad577783b38ddeefe6cb42bfbe3465e8,0
261bd7f696ace772eec2c21eb3d0809962b8b0eb,0
4679098563e7d76ad421d3a35ccbc71fcecfef25,0
b33fc652a1fe533a3f4a4c2fe620cf89bee68017,0
86b91e890b61044339323afe89e6d29036e3dcc5,0
693caaf54ef9733a3ee4f0e951687ddd777115bd,0
3cfbdae1e7a1e146a4e992f17c423568f910c176,0
b66571f1eb8884227d2499b2a1585fb8cca16b80,0
8c07a05d6a6859ac67bd58b7609df70b11368f59,0
1a887297a44ecc4dcac6e236598871296b170212,0
7050011baa2d28a3068c06bd15c65cff42fc1ebc,0
76893ece5c195b5c6816b3fde9284b5ccf145c0f,0
a74f8d43ca63e4f891bd4b36acdcfd8a2c3623a8,0
bce5e5383c18d8fe822b6e700e6c8342051ae948,0
7662f27a59b7def649752aa4b34d35a09d51ab27,0
b100089f406ccb588e1ae7af5397c606c856f939,0
3b33a23dd53430dfacbf9b612a7601453b033b5b,0
0dd28d756d57bab84d7ab3d643a66722f8d1bbea,0
1218e91d8a3a437caf9d228645c1c814e593e2b8,0
75f9325cbb25f99da37a3305293720cd26070bbf,0
02df5071f140e0c98b6c15c4b84a6f4e3943f102,0
0891177e77de1954ef366fd4da5bb4fe651999b7,0
e779ea94d17bbfaa3679644746073aa3d9687f8b,0
a0472f33d8f494ede08557aba85c79157c3fa6bc,0
f403dd6e03321cc8eb66db6944517b826b52be6f,1
8169786d31160d9c5759b5d3b0533af8659649bd,0
37f51592fb60b779994764c62fa9e02fff617beb,0
840a6ade5a1d9ff21a62215499815103e81718d1,0
4c9e70c5928a16169e11059432960653f3953108,0
9bee65932669b3539b815697d2f38bfd7bce4cf6,0
09f1b72ed9ceaabe5389d37009e1cb9857bd75b2,0
cb2103ff2c000f46a5dd0f448baab0af57849fc4,0
7f934bcd5bce733bcb99e785690a6190a68e79b4,0
4ce9e291189bd6efe0cdd4554303a91b43016b74,0
6de25eb6e1925dbad502f839159e6c286d5ad836,0
58d035048d35be0922647016a5fb4a5f5670b770,0
c3ef1e3dbbc713d6c9be6722d301f174e71dabf4,1
8b1b0167f4731ea59d3bd79c70a08fdc9b21eba7,0
841d081de43233521c2c7ab266295ea111f2e632,0
0e5843350232c3a2781cd6ad699bcfa13f8b9265,0
32f010d15a450a3c119719eef09dd1865c55bc8a,0
7585bea24bffed95b10fa83d39495db9cbc2624b,0
1cb0e1324a7925a4aed152a95be6308ef6dcd483,0
4c7628679db9e2eb24dcf358f460e4a00252adf1,0
8903584367bdff3b2c51e42b1880eab0aa71e2e8,1
b78dee35b449a7f2e8386c62657a3c466f70c5cf,0
ef23a182e28af0f9eb4fca031ea592dea58cfc87,0
d4faf45715d63285a84b4d13a459ad719a707f0f,1
f5d8630f373233138f8f43cab0977d1cfa2c7d4f,0
a830d2049c9e2befd5ee85dc5eb10ad921e879f5,0
b5a48f5fcfadf2c7df09bfaee754f2f1e2fd9d85,0
ab5bc149507aa28b9bbd61ab68699bdc8d3c7ed1,0
d2578b2d91894c8a301ae7768931116a35c3cfd7,0
c1c38e108f349b443312a7cbbef83b447f773df1,0
31c6291b50b2e7db420081838decde25b313c214,0
bbe2df243d5213b58163998ab4dbcb67f82995cf,0
aaeadc6fbe6fc39406761427c82ea83322d79cab,0
082cb92ef2c7e6231e06498be75f675074f00b8a,1
0649e304edc9d91e69f89958c074d991eec13997,0
9f2822ac66107812a829404ada207addffb9a792,0
b18799c52fc07dffb08cf2dc9b7f2fcb6da01d08,0
80996e833216e3f1590ecfec29218572a349753d,0
9fdff43f3813e0c63b905e3b3630a47ff18241ae,0
8f1897a0d33a35eca7d1a86c292714b7462f68f0,0
5ec694333acc55f3dace4921df722dcc4b6f9e77,1
64b90f0c957f6b1a7b88d5897469f1ee41a53473,0
f20be31249454bc2fdaa124b6fc6d886ba04c402,0
25ff58b89156947d1513ed8648b3796bd23c1c3e,0
404e33ce17d1692a44183cb1ea0a9bb842eef9cd,0
098bf5e50adf141fcb143f3e4bd687921ada9dd4,0
be7f329be53e5e536aa2b77da0affdddc252879a,0
b6b1003239f4c988e06f2825c5cb0139e5562053,0
67257a3c240f7a2752aaba6f70e62b2f3e3b194e,0
18bd36734a2ed11f9880723821944a4dee750d72,0
cd0f05e84fc448dfb19e0e4611735a630a0b0fb6,0
3db1a319214a6e6ffa52a36803acadc53cd0aa94,0
378e5e38b1554cde4b6f7590c2caa36dd7d8da19,0
41f53843deffd30911a61d7413b4d0c50d2d0855,0
a1857a416dd47cef67e9aabfa7bb91732bb6d10a,0
4169898fea538920dca4493baeae6eba1a9db555,0
89e4c0aa4aac688c3b27555aa4ad57a2d348e93b,0
f5cd73a40350346d68f90477b679c105d7ce7869,0
0e9d7247f6e27a62ad3221dd8cfafaab57d2365c,0
05ae82823165716becddd3bec16a12ef58fe42b2,1
db165b18c987677068aa1506d01567ca28790d6f,0
e2a991d6a1821f7798b3d37443f4b4495b6774c9,0
75cd60d75559f0dc9d710f183e1c9514f387e728,0
115e43f57126ef203e7f78c2688e333f4f99c3a9,0
cd0bb798dd0975ced5bd80d890551adc512489ee,0
99ce6135e7db0658941f3d5231157ac5188274ae,0
3e3dd15ea81b1c7001bea6987dc4f56d5177fb72,0
ce0b20abb3adf485bb2dac94923267006f86e87b,0
387ab9b266af1c27070733378673e1bae25823ec,0
7a59593842980df7b360c4a25600aa0dc8e4afc8,0
a32901e80d6ce0e05df4249425672cc782d18720,0
2739e87ff2358ff36e312e0a24a7090c3a0b8a44,0
eaa4ed1ff6265a97e3b974c57b72cbd51379b2e5,0
390c65b53585f1078d783aac4308498f6606c4a8,0
4dc9edfcd6c2537beaeb097d51a3f0111ce421b7,0
f209ba7cdfabe216232320083b0eb611749beaca,0
bd0c80afb9162ae9a56779fb245cba6f188ee905,0
49064ef8bf5bbb6322ec004e5c9c923a4217e3b2,0
76fc833b9dda94ba9e0e603df1d42f70d4c56c5a,1
75bfec3855ae8f80c9b19a75027e32c123cfc343,0
650cdfe0105fb27e6726376ad85c788535c87314,1
c0771897cec4a884abcd4d89b4d872b81618c877,0
8948074f1c0595d4a137386a5e51801211f18731,0
0b39193a1b7de979f4b083c9b988ce1147711b55,0
f52b9a15dc9c85dfb5ef43297e1c4577fa546127,0
ec9d394fd2b160517e3635a37646e18ee9015b86,0
91006fe65fa7fe05039c1819a524348529daccc1,0
19c207881a76f2bc4a4007d2b342d46e6c09798b,0
ad976d9bb735e83006a2ce7161038451c7fc7a73,0
5a02867971b41588992be713214d50184f322354,0
7928ecd310a2bae6f89cebbf984cef0804a2b802,0
4ebe54236b7548f7c9b397b97f8012ec991e7cf2,0
674d8a5069d08354309c29b88312159b561f31d8,0
0bc0961781f2518769532d14c3bb20f2292f0db2,0
e4af0c5ef6a7864807a4e3670ca5ba8380a8df03,1
ae53b15ee54edf96601738bf152c2bd8cb6de7cf,1
bcb352279380416bcb9ed042e246481b1f756a6a,0
00c6b44d519376bfd7803721681ba300b9a8f090,0
c34bdc23ab53deefed5d17462581186bf0c73f1b,0
bd2762e72e84298d9cc8bac59fd665669efde169,0
485a2d0b199c3b0c52e451a1c711ac0af9149f11,0
460315e1b7af9e312f8183e2d94e678708853af2,0
c53410b12e07603bef6c34aeb7a174f807a7307d,0
527d29b98a6a9cd9aa34a7ac942979767008c0b4,0
4a2211693674c0e808814cfd64520e6176af37f9,0
3b7c2198cd22b8fee7a4a19d2f9e292fae5844d7,0
c1aeab2332295eb2eea04f7ee350b2ba17f3b43e,0
ec050b23c1fbced1398c3b5fb24359115ca8fd9e,0
d48b6c18966ff9e0e4dfacd45f7a4f52c5c8d054,0
de0a2fb1221357ed481a088b64b8ded34c054c44,0
813d3cfccd478db2de2ff290f408fdb8a66a7916,0
9096f5981c8f2326fcd44f86cd7141fd04e425b9,1
b1fbbb6193eca67fb967355ad9339a972fd14f83,0
690b44bf02bba9ad45e8969729e501725c2a719e,0
9d87fb00f0fcad342c10f76a9a183c17feb65ae8,0
4481c795cb11e1216bd4f3c5ebd0b32583ee0d58,0
eb99424e2c8bdd4f18a85523458faff858e1253b,0
7db30343f2cd44bd7de31549391befb3b8f5da02,0
e9316aa94e14d7227f92355e3ff5fcaba2135deb,1
2c2c02fa2d4e10395243d88d21598b99ba3f894a,1
6edb574a1287682a46f98a24e4e6599c1bc729e7,0
3baeabf2a1242a95b0451a9122aaa14002319acb,0
2da9527d3e05b58a62e982d58a81e761492142cb,0
5e6245a874f24e4de25aa9a1ec577f201b14b995,0
e31bd77fd3b92b7a1d5a0c8e470feae51d68156a,0
e6f7082f6249320ad448f7c93a3df1073c6139d3,0
03446438e8ac8002434e2e884897de84c78e944b,0
45cc7f0095290b264ffadf3d2fb9fd86cf32d181,0
d72b8fde0ef8ec509a3b677eb8a2db252827e8d8,0
d3639d1e15da853edfe605e846389ef8807ebea2,0
93f529b66f22398fcdaec0cd600a73ffa2fd1aed,0
8131a85e7a3886d0ff311afd1696d3f8ebce5e89,0
d1351e6dffe26f05a15d7d9eeaf724fb02a12c17,0
e32c53e1d2bb8d2dc1f5025f561999ee71a4f96b,0
448b90e040ab9c62efab95231ea9973d4ea1c8a5,0
6643612eb09dd5795c6df29c293a1bf08d5cab6e,0
076b2c52b927bdcdd4297cb487c28bc3dbcc3dd6,0
7c41c4c54ee90a1568ab913ae5bf65246ff4ff35,0
cf39a5d38674b86c33cc4480a398f0ffb6d36ba6,0
266181ca3908a775d3f5641a555deb1bfe6bbcf4,0
b5930e61b81ff33a32d9e0da646bfe43a5fa61ad,0
3f36c1252602915e040b5ecfdd0613e38a532258,0
ee1dbb4eeeba1c0892e75fa0fcb18ecfb843dd44,0
e12f6a67bcafe85db078c466a77c2115ce05e52f,0
ab436f3d2c9a54aa51f864ba751d299d42dbbfc0,0
fbc04e9f6f17f8b8d46a22d6681beef68c03da1a,0
6248fd8c2c516840a94002e4e5a1a87051cc2595,0
041c014b41b661be8dde16166d1aa7ebb62aef4c,0
f831d15351a338185e6fb2cf176b61335a860324,0
01dbcbcb4a31d2c5a2350f0818bc8fa8c68ed4d4,0
b3f283cecb5971eea14ff0480f7737e08d3116c4,0
5e3c69d9246ce0a6f33bb3eeaf066e4019fd8c8c,0
a67ee7de564431743880446675483160e4c550f1,0
1aed2006a2c977f500724b8d71e4f3ff20e54180,0
dc4790cd43acbea79d91d9ecfa252d96a7516671,0
afd7d1c64f6b1675ad27a599cf205f105dfb77da,0
09f8db0de28703a31e1ff0194ccd97527f88f670,0
a20802777e7dda0c11974f36e895f11ac9c078b1,0
cb17db6650a87c5d6fc55a5c7138ff206e8b7d99,0
1c76374569f04ef2d7c1d99214e92c417badddd9,0
315292d5f5c2ae8dfb20e313d2c3de38f0b4bf3f,0
b9b7eff30ff000d8c83b22afb256b8a6752d8f62,0
34734112892a1260a3ad1a0c5ea191c053cc4ec1,0
8b071c9ca8148ae48d60ec53b67234cd1b695b0f,1
b6d403d4aa07d5f22d43de1be45218a02fe85f5d,0
3f4e4310a2b97028cc5ba97c68bcb30676f6d835,0
acbffd680a04b6068420cfaa6327e29c12cdde26,0
c3bbd0865bdef23bd75fd6b9fa1a036eb99e2a81,0
5fb691146e91d81142212a8209f9b56964123608,0
f0581be592593381b153be4d9746282ef7f7c35f,0
69da859089bfe854dd1d3acaa0916951fa2b288e,0
f878c33ba9048ab168acc35f2d0b74c8969909cb,0
6b5f0193f96d3896b2093a9d0a3e81ea6c3ba27f,0
ec8c48cb10f59336253c41227fd5c0d7a649ad32,0
ba0982e7b87a830e22ef75cf89def9dd5794fa0d,0
5d1c9e789767871e583df5761459dea3ba113325,0
3bbd690909d2d7b83d1e386981bdcaf80c8084bf,0
7ed78cf31823b8fcc07f1f06428d7f4deb310bca,0
6f5d87732a7c555dd2920c0ba3e2ab14466a26f2,0
536f18b73e71801e964eda106bca9192c726ff19,0
806caf4f8608d8297df35d6f206355b6bd9b893d,0
80c095a500e3026a45b223e98dc1c808572f11e8,0
9592e4bb1185fd318964a2227c78ccd1fd9a203c,0
e1df34756207a3bb7412709774912fd7f53a5d49,0
3057e03fcf86be5eb6b95dc7788fa1472a738ec7,0
d7793e770f46ba71b7275b7b4ed972f437a34c33,0
9620586a2ab6fc985c462cf383df12ff498d94a2,0
2478d59586e0c43fa56189c4c05598c337e7dd15,0
5f9f1e4be7a7fd4c7f9ba08c06441fe02288c9ca,0
66e0677e3d66ebdd68f89d0675e97b0ee06e193b,0
b95de6b7a8b2ef60f334628714dd79c1ab3f694a,0
dfa58669850af05c2f19bc05943797172a1d4ee6,0
4396b7b0c2d31e5b8891afcaaf65f9c3f649bf54,0
1f757d79ff63fdec95d8650cb345f3c23f43b88b,0
06c4bd83f5312af769292701395be6a41d7f793c,0
18ebfafbeb023066714839cec99eb4a244d0eca2,0
15ad8d30da3b7f3c9cab430b9a0fb6acca37da18,0
859c7502ab46565f2a6132162b0c06d627ebfb2b,0
e55cfde46eb6810ae3eaafb5d80d9cda162ba615,0
0e7a34c49fa69c83b35ca1ab22b0244e6d4bd011,0
2fd6f231b63e9767edf1bdaef4d4177b30ab07b1,1
c1f24f3ea99bd30e92a2f20ffb3bdb7a8ee7a78b,0
fb6da722f91412f640a1f7e05926c7367bd1fbdc,0
6240e97be74a208c081b901ee26ede585628a1d7,0
8c4e571fcaac765b456ea4517eb351dd3db94a81,0
0db3db01cd342e7c3ceef09763bd6a39b64de040,0
fedf2c7553150396cddbd7aaaa2d766def0c00bd,0
d5c7ac4ce225665553c2915feabf18c69d8dbdce,1
be98aaaacf9935f934489b7d96be6eb3cd684f22,0
31284bd5f029979542b918f6483def9356f7dce0,0
9beae5b88f069579607e7114327a5e4720431921,0
0be57152381f208643a3e58f866f7325581e4786,0
722a9f245023f79550b8ba38275d6071684df648,0
1eb1c8462901549a9676ced32f5aca8e2645d5bd,0
20c284c5c6a1fa94e58bc713a88f9cd2f83b2a58,0
a8fa331964555b287092b6ba1a1830dc2f4dc2a9,0
1dceeed6a7b88f7d5f814520b09c2a1b44df9a02,0
57dfc8bddec7ff6ff7ee1f36c083c7784814b140,0
67726b757f216e3f2e4184bf12f59b0af90f4b86,0
f7ec4cd2c0fee6141cfbd20cdaf378b1378b4a34,0
9c6dbfd3002e9027cd2d09b86abcd2e9c9d2cbe4,0
2909c6197eb48ebe389812dd1d26b59174297e1f,0
a1f6a2e7ac1a8451c73b75fab9562a3a7ef82703,0
f18a1af075b5de4f33c0625491c34951ec437f5c,0
3ac2a7cef9d8c5b21fd1569aa25ca9d3f37223a9,0
292c2eaf82bcd1887b7bbe5624f89ffa1fbb5777,0
99bc9637849f3f134a0f1cc21adf2a66f3e3de3e,1
93ee3de05ee361bd995ac60884cda90b506c538f,0
1133dc8c39c6f3f2cf2b7ef38b1367331e9db487,0
925be8dea7698a266477311e1570db16c1faaf1a,0
ce51812a662bd65ac692efb19dec7c48b6c4370e,0
434aa72dea686da39347d7d96caab733924cc36f,0
573d038752ceca89cfb91cec2b6b2a13496e3123,1
06377d7f6dea7c0a2a40624e7a8625af163e8967,0
ba0f001c84a2306fde156e782964980fee920f14,0
badc942ac22aa3943d3569d6e38e57a1a571648d,0
27c5f7429413549b62d32179ea6b2dce54cb9e2f,1
105e9355bb73fa871661da5223c0e10cbd1a3fec,0
84ac29af44031290f4e22422a698c1b11ba4f2ab,1
3ddb8d45af29ef46600e5752c37df693f9cbb41c,1
ad825f7d612e2875ee308ed376e6cc4ab794bdef,0
b038a798ef39145418fc5d65b93d30f410660e3f,1
8acfb50ea2b51530756e4ec6b0e2822dbd38d75f,1
ebc70eb9c2ce6e77dbf3e07ce26ea022fe37dd8e,0
eaf735b6498011d4bd3079dd3b1680eae73abe4c,1
b73f1af85ab21c8752cc3e3c1ae8a5c4c35fc8c7,0
71a6c383005a00fecd6de709b6d3f708f2592d80,0
a9abd59b5b8eaaaef83086a2508edfb075b24fdb,0
293223f85928abc0a13ce47320fef6594f8beade,0
40ce82c5b2fba505c7b78416734ece0fe7d61a33,0
2d180e50be3ed07e0bac9d78854e04b7a0d9abba,0
5d631cd947b18c32f3629b46c1c3f257bd0977b6,0
c800b7ca7b4dd588b4161753c38ec4c0b9062a7f,0
d2792482f1313f6039490572cec3c5d0419e4bf0,0
15a6eca245e4234328a6ec1f13d59283f5c094e2,1
5897c9657eed7753b799b16583bd5d59aa9065c0,0
9fa15637dbd7501f4acf9904cd458aa0370c802d,0
adca15a0313c3fdd6b1a89c4a497a5c43fe74e74,0
e01a25dca463fa45bcafdae391d23ed731096152,0
6bf36fe1e7684cae8247ec298fcbc9e129acb626,1
c774420270b9b48e67434410ae0b23e155735df3,1
bbb104a769f0979356ca3d8c547aef3e2ca62ec3,0
87ba97a775be74cd895b4832bbc3b2b20f7d2389,0
832444306345e7a96bbb14c719e813667fd5eb57,0
ba616f1b882bd09e93521ce96142e91c4563b75c,0
c6b77f6deea883909c70fcec24e6522b0b83ce54,0
0ad0d085243e1f5477a54d3464663ec95a7edae6,0
da1ee2c348ede2af3ca76959e83d9a9157794f11,0
c887395f1dbf064b1d6d16841be6849a1d9dc50e,0
777191321387e2cb7be45966d7c8e1bffc09b950,0
529d9a009e54b844c63b1558e72c6bc9e606a582,0
4e00c44854fa47647c71abcb0c6c4845d9825f51,0
59f02d18df55c99bf809e8add5d69b3109854e3c,0
ce1641a783b96a4821a6a48fa1d45c4b6e637582,0
dca1d2fb57a6b1f3407b839a70a8beb439cd566a,0
53555cc64fc3b1433adb9a0b8f241090560a5d62,0
c69032a57882518cda719426442f64ee6b57f89e,0
2f1e275e020b50c77e5537d2ad94367d97428a01,0
8d47ca8ff8374f9218891386c7b484b0d313b44a,0
0af2414d563ff38c110e7d4e9e2d784eb3c87647,0
2833384701b0fae54bdc4f0675d22cf29ae91529,0
abbc007582faadc6ab3b1a0d6b1c13c804006d7e,0
2507b8687015addbb638704a3ecab287cb4a060d,0
9c63b9835a2c4a09ebd2f16a46c73d02f7b99012,0
0e09322495e630ccaf0a72cb734b950bddcdd672,0
a83388e6ea54c4ede7b55e2f51b23a194e64d40f,0
d4b1358eb0252da127d3468dbc6e795666e70b1c,0
8f01223aa301689303cd5fbe2bb0c44332abe7a0,0
6d253e53f200f20b9fd32d92591d7e02220f04bc,0
014f31436e999d1752d4c6129cd6ee1ef6e7bce4,0
1df765ad586886465fe1bb6fcd0a2e0b1a49cdbb,0
ee486564a61c70eb4426968d94dd9f3c5f23bb19,0
5db3823e08332d8dd87ab5d195f935751d6ff801,0
5928ee02dc66b5405c24855a4d95508226d00fca,0
5ed58edcba54c571863fd2c2464b93631ece49c3,0
aa5e4148006781e8150168d18f837ab5f398665a,0
f0f8406acef2f1894d22c3ed01621d295d4cd5ae,0
d0bb8ff9796a9d460ba5941f54d16392b2a319de,0
07efadff4cd39055661590730b3232e429715151,0
59b6f554d6115631813944835bbdde2dac81822c,0
703e425be22d755ba467ffb494de67279c6131d7,0
c5916ce7f8608e2f612e4967ddc3950dbdfdf404,0
fe75e5114f99b9915483b48dc4519e32d837c806,0
64ee336abaaaaf34cfcaa3087aec13533eaae7ea,0
6c95e5126d060a17ba5ecbfe354ca098c1ce862d,0
7612e9e0651769c941c9e3ea79633833ccb34cae,0
089fa899c18bef2e301aa1f2ea405b349e7bd642,0
18b62d81b1746c732e07b7c71632c9495426cda7,0
3ad6af10fa5b8887a414080465993dbacbb24abb,0
96b8f1485c601b74d4ef0c39e51e59c10c8f8c67,0
a90aaa8dcc73ecddc954e80938f98b9a59291a4a,0
7b687a8ff485883a85ef7f7fb526ed6a69c23788,0
490585f6c6bbddf104e8d596aba14b9b99c2d8d7,0
955334d257b441741fa3bf1891090156ed64841c,0
7df856301487b1faa41218e62f289f6595f0932c,0
9e85ceb34fde9ccc41750cc3d6d5b59da0822568,0
c41ff89b445f9c667a98aa9b7ad927f640e96a1e,0
f6dba565d55812c6b51fafc353927454c3e0419a,0
dd72021bf89fb7820de39a2fbc9e6b4419afaccc,0
83942c81d977a2f8ce0b1dcaf69d5450090333d9,0
a08514ec9394075c5f5dc59b692b1c0c003ee46b,1
2aad99586999d05c162377b8b98c67d5ad0bb52a,1
3a5b7f584bad9f780cc5fff975ea71c8db277443,1
8f7a1b1da4ee3a53842a827adee2490f7752fd24,1
c7ba3c2a8e543bc0342b9b536587d4e5ec61b2e8,0
2b13d00c4d8d7194c64ea30d6cfe810f1500649b,0
49a5367446c42e1dc4bc8608f1f7c58b243ba64f,0
8b1fc22c447bff2e54e3131077cf8f96fc192c6e,0
03831e85be80ecf5254c212b7978e8ee4a3a8e61,1
14019d4fbea68532aec31bbf55e9f313247ff30f,0
fadffb0da363c8719eca258943e1503cd34b842d,0
3f33c59b2fa880f80458cfdbbfd2f72ee3c136bf,0
d803b80d3f6f91282f3e4a4dd7b6bfe93adc238b,0
b8258a2bbdf25a9cd9056f9440c929bd4a98a5e7,0
d38ab3447df3e12b73a71e8f7b9f2f0b1629ee7f,0
7c9cf76a703a988f24c47d02d22ad3afa56e8c62,0
c54528efb6b1aad48d3aabfc6bf0e935386a6eda,0
cbb74413d21cb17c23e7e80ff80e625cc43d2fda,0
02045b93ebe51841024e84ac128869f4090ff17a,0
82d73386bf10bc4b5b280d03e93ddf15e77716e5,0
55e312ed63c813586309a87018f36cc38e8e8162,0
04d6f8eda1b1549c99f4cfd004c5076b1823c76d,0
17fb673d18878a944c14ea5c73f09bc861e9ab1a,0
6970ca7ecc26db460a059b2d6fe56cf83edcccc2,0
bd621f17bf7e1f54b9291b7aa9a56974c601736a,0
24a9f5e5dc1d64948db07270dcc696635b158e69,1
fd69895166487806fb108714308211f5daae9101,0
b1d71dd91aea8d9c57c1d4a1e9c6738ce0d5b95a,0
b4cadd6f0c0d837255ad177947a2402d10854b1a,0
9ac8d2b8797bcd5beb9e8514b2858d9024b4673d,0
9257387c92c2e1f9800ccaf196779dea51baede8,0
b926081cc380ef1dff478b0c9bccc7d316c7bcd0,1
cde5be994d38d891c5fbd6060dec8faea5eec26a,0
f62a809e49ff68d773987cce708b90d1c7227c73,0
70b6bd02afdb219e5efb3343be9db813741f396e,0
c5f3de459e681104982a88568c1a7a8777836f11,0
c7bbda0ffad5ada7a9e0f054a5c31554f0b27407,0
becef65dea8a64e83bf4673a1e4030803230574f,0
155f8dda66b662cd8bafcfb9cfe50f22035eef9a,0
f44aa62b7d2738a031192906ec3cdea4047fdaca,0
